3|2016-10-31|sz159915|创业版ETF|2.068|-2689.6|-7876.0|1300|3800|
2|2016-09-29|sz159915|创业版ETF|2.0560|-2673.6|-5186.4|1300|2500|
1|2016-08-31|sz159915|创业版ETF|2.0940|-2512.8|-2512.8|1200|1200|
#3|2016-10-31|sz159915|创业版ETF|2.068|-2689.6|-7457.79|1300|3600|
#2|2016-09-29|sz159915|创业版ETF|2.0560|-2673.6|-4768.19|1300|2300|
#1|2016-08-31|sz159915|创业版ETF|2.0940|-2094.59|-2094.59|1000|1000|
#1|2016-08-31|sz159915|创业版ETF|2.904|-3978.796|-3978.796|1900|1900|
#第n期|日期|code|名称|买入价格|当月投入|累计投入|定投当月份额|定投累计份额|

56|2016-07-29|2.03|4741.985108|8653.294808|2335.486065|28576.615856|58010.530188|49357.23538|570.391
55|2016-06-30|2.13|516.423699|3911.3097|242.40395|26241.129791|55893.606455|51982.296755|1329.03
54|2016-05-31|2.07|1015.305003|3394.886001|490.387412|25998.725841|53817.362491|50422.47649|1485.25
53|2016-04-29|2.03|4109.3396|2379.580998|2023.900361|25508.338429|51781.927011|49402.346013|2076.09
52|2016-03-31|2.12|-7501.119401|-1729.758602|-3537.556216|23484.438068|49787.008704|51516.767306|-2978.26
51|2016-02-29|1.77|4604.550467|5771.360799|2600.920654|27021.994284|47828.929883|42057.569084|728.73
50|2016-01-29|1.88|5000|1166.810332|2659.042553|24421.07363|45911.618424|44744.808092|3834.8
49|2015-12-31|2.54|1641.918369|-3833.189668|646.29527|21762.031077|55275.558936|59108.748604|-1542.03
48|2015-11-30|2.52|-1679.179041|-5475.108037|-666.207621|21115.735807|53211.654234|58686.762271|-1071.88
47|2015-10-30|2.35|-8414.291598|-3795.928996|-3579.833506|21781.943428|51187.567056|54983.496052|-1448.49
46|2015-09-30|1.94|-895.426145|4618.362602|-461.467557|25361.776934|49201.847252|44583.48465|965.35
45|2015-08-31|1.83|5000|5513.788747|2731.693989|25823.244491|47256.537419|41742.748672|757.06
44|2015-07-31|2.37|5000|513.788747|2109.2827|23091.550502|54726.97469|54213.185943|10551.65
43|2015-06-30|2.73|5000|-4486.211253|1831.135531|20982.267802|57281.591099|61767.802352|-1376.84
42|2015-05-29|3.38|-12063.756947|-9486.211253|-3568.445028|19151.132271|64730.827076|74217.038329|-782.37
41|2015-04-30|2.75|-11188.17123|2577.545694|-4067.612217|22719.577299|62478.837572|59901.291878|2323.97
40|2015-03-31|2.25|-10021.591775|13765.716924|-4453.149981|26787.189516|60271.176411|46505.459487|337.84
39|2015-02-27|1.86|-6174.511841|23787.308699|-3318.966096|31240.339497|58107.031464|34319.722765|144.28
38|2015-01-30|1.62|-5084.31948|29961.82054|-3137.841121|34559.305593|55986.075061|26024.254521|86.86
37|2014-12-31|1.43|5000|35046.14002|3495.804196|37697.146714|53906.919801|18860.779781|53.82
36|2014-11-28|1.52|299.51069|30046.14002|197.007097|34201.342518|51986.040627|21939.900607|73.02
35|2014-10-31|1.47|2921.057148|29746.62933|1986.716283|34004.335421|49986.373069|20239.743739|68.04
34|2014-09-30|1.5|-1726.438183|26825.572182|-1150.728597|32017.619138|48026.428707|21200.856525|79.03
33|2014-08-29|1.39|-816.035474|28552.010365|-586.958465|33168.347735|46104.003352|17551.992987|61.47
32|2014-07-31|1.31|3703.195048|29368.045839|2826.301076|33755.3062|44219.451122|14851.405283|50.57
31|2014-06-30|1.37|-704.206348|25664.850791|-513.916428|30929.005124|42372.73702|16707.886229|65.1
30|2014-05-30|1.29|534.570874|26369.057139|414.313147|31442.921552|40561.368802|14192.311663|53.82
29|2014-04-30|1.25|3165.735986|25834.486265|2532.082271|31028.608405|38785.760506|12951.274241|50.13
28|2014-03-31|1.3|4231.043602|22668.750279|3253.997995|28496.526134|37045.483974|14376.733695|63.42
27|2014-02-28|1.4|3056.904008|18437.706677|2183.066162|25242.528139|35339.539395|16901.832718|91.67
26|2014-01-30|1.46|-3150.728688|15380.802669|-2157.601741|23059.461977|33666.814486|18286.011817|118.89
25|2013-12-31|1.27|3197.356487|18531.531357|2517.100012|25217.063718|32025.670922|13494.139565|72.82
24|2013-11-29|1.34|-1521.785006|15334.17487|-1135.43332|22699.963706|30417.951366|15083.776496|98.37
23|2013-10-31|1.21|4376.590309|16855.959876|3616.293381|23835.397026|28840.830401|11984.870525|71.1
22|2013-09-30|1.35|-2450.514455|12479.369567|-1814.832853|20219.103645|27295.789921|14816.420354|118.73
21|2013-08-30|1.17|401.3287|14929.884022|342.94738|22033.936498|25779.705703|10849.821681|72.67
20|2013-07-31|1.12|-1283.691282|14528.555322|-1145.9237|21690.989118|24293.907812|9765.35249|67.21
19|2013-06-28|1.0|2828.793789|15812.246604|2828.22803|22836.912818|22836.912818|7024.666214|44.43
18|2013-05-31|1.07|-2646.509613|12983.452815|-2472.878795|20008.684788|21409.292723|8425.839908|64.9
17|2013-04-26|0.89|722.626741|15629.962428|811.77777|22481.563583|20008.591589|4378.629161|28.01
16|2013-03-29|0.86|1345.809509|14907.335687|1564.581799|21669.785813|18636.015799|3728.680112|25.01
15|2013-02-28|0.86|-318.630612|13561.526178|-370.426611|20105.204014|17290.475452|3728.949274|27.5
14|2013-01-31|0.78|-153.520622|13880.15679|-196.781946|20475.630625|15970.991888|2090.835098|15.06
13|2012-12-31|0.71|-930.023342|14033.677412|-1309.630053|20672.412571|14677.412925|643.735513|4.59
12|2012-11-30|0.61|2653.904947|14963.700754|4349.793715|21982.042624|13409.046001|-1554.654753|-10.39
11|2012-10-31|0.69|1375.345439|12309.795807|1992.855609|17632.248909|12166.251747|-143.54406|-1.17
10|2012-09-28|0.7|1332.418905|10934.450368|1903.074887|15639.3933|10947.57531|13.124942|0.12
9|2012-08-31|0.71|793.038793|9602.031463|1116.732655|13736.318413|9752.786073|150.75461|1.57
8|2012-07-31|0.68|1657.76871|8808.99267|2437.407583|12619.585758|8581.318315|-227.674355|-2.58
7|2012-06-29|0.73|1211.372763|7151.22396|1659.082861|10182.178175|7432.990068|281.766108|3.94
6|2012-05-31|0.74|727.021965|5939.851197|982.265622|8523.095314|6307.090532|367.239335|6.18
5|2012-04-27|0.69|1021.816834|5212.829232|1480.597784|7540.829692|5203.172487|-9.656745|-0.19
4|2012-03-30|0.68|1309.310047|4191.012398|1925.07086|6060.231908|4120.957697|-70.054701|-1.67
3|2012-02-29|0.74|760.734251|2881.702351|1027.813654|4135.161048|3060.019176|178.316825|6.19
2|2012-01-31|0.65|1120.9681|2120.9681|1724.221394|3107.347394|2019.775806|-101.192294|-4.77
1|2011-12-30|sz159915|创业版ETF|0.723|1000|1000.0|1383.126|1383.126|1000|0.0|0.0
#第n期|日期|code|名称|买入价格|当月投入|累计投入|定投当月份额|定投累计份额|当月价值|利润|利润百分比

#1|2010-06-30|sz399006|创业版指数|919.31|1000|1000.0|1.088|1.088|1000|0.0|0.0
#第n期|日期|code|名称|买入价格|当月投入|累计投入|定投当月份额|定投累计份额|当月价值|利润|利润百分比

#1|2016-08-01|sh510500|南方ETF500|6.438|2000|2000.0|310.593|310.593|2000|0.0|0.0
#第n期|日期|code|名称|买入价格|当月投入|累计投入|定投当月份额|定投累计份额|当月价值|利润|利润百分比
