2009-01-16,0,0,1.057,0,0
2009-01-19,0,0,1.0690498,0,0
2009-01-20,0,0,1.07503647888,0,0
2009-01-21,0,0,1.07202637674,0,0
2009-01-22,0,0,1.08403307216,0,0
2009-01-23,0,0,1.07807089026,0,0
2009-02-02,0,0,1.09003747714,0,0
2009-02-03,0,0,1.11608937285,0,0
2009-02-04,0,0,1.14611217698,0,0
2009-02-05,0,0,1.13808939174,0,0
2009-02-06,0,0,1.18304392271,0,0
2009-02-09,0,0,1.21108206368,0,0
2009-02-10,0,0,1.22513061562,0,0
2009-02-11,0,0,1.2270908246,0,0
2009-02-12,0,0,1.22107807956,0,0
2009-02-13,0,0,1.25905360784,0,0
2009-02-16,0,0,1.2890190837,0,0
2009-02-17,0,0,1.25498897989,0,0
2009-02-18,0,0,1.20993487552,0,0
2009-02-19,0,0,1.22094528288,0,0
2009-02-20,0,0,1.24096878552,0,0
2009-02-23,0,0,1.27298578019,0,0
2009-02-24,0,0,1.22002957173,0,0
2009-02-25,0,0,1.22100559539,0,0
2009-02-26,0,0,1.1660603436,0,0
2009-02-27,0,0,1.14110665225,0,0
2009-03-02,0,0,1.15308827209,0,0
2009-03-03,0,0,1.14213393351,0,0
2009-03-04,0,0,1.21214674363,0,0
2009-03-05,0,0,1.22111662954,0,0
2009-03-06,0,0,1.21305725978,0,0
2009-03-09,0,0,1.1720559244,0,0
2009-03-10,0,0,1.19104323038,0,0
2009-03-11,0,0,1.18103846724,0,0
2009-03-12,0,0,1.17903070185,0,0
2009-03-13,0,0,1.1740787729,0,0
2009-03-16,0,0,1.19110291511,0,0
2009-03-17,0,0,1.23112397305,0,0
2009-03-18,0,0,1.23617158134,0,0
2009-03-19,0,0,1.26015331002,0,0
2009-03-20,0,0,1.25914518737,0,0
2009-03-23,0,0,1.28810552668,0,0
2009-03-24,0,0,1.29506129653,0,0
2009-03-25,0,0,1.26903056447,0,0
2009-03-26,0,0,1.30697457834,0,0
2009-03-27,0,0,1.3170382826,0,0
2009-03-30,0,0,1.3100579797,0,0
2009-03-31,0,0,1.32211051311,0,0
2009-04-01,0,0,1.3411489045,0,0
2009-04-02,0,0,1.35509685311,0,0
2009-04-03,0,0,1.35211564003,0,0
2009-04-07,0,0,1.35617198695,0,0
2009-04-08,0,0,1.30612924063,0,0
2009-04-09,0,0,1.32611301801,0,0
2009-04-10,0,0,1.36311157122,0,0
2009-04-13,0,0,1.39200953653,0,0
2009-04-14,0,0,1.4023104071,0,0
2009-04-15,0,0,1.40637710728,0,0
2009-04-16,0,0,1.40736157125,0,0
2009-04-17,0,0,1.38878439851,0,0
2009-04-20,0,0,1.41656008648,0,0
2009-04-21,0,0,1.4021111736,0,0
2009-04-22,0,0,1.35780446051,0,0
2009-04-23,0,0,1.36608706772,0,0
2009-04-24,0,0,1.35584141472,0,0
2009-04-27,0,0,1.32696199258,0,0
2009-04-28,0,0,1.33001400517,0,0
2009-04-29,0,0,1.37323946033,0,0
2009-04-30,0,0,1.38147889709,0,0
2009-05-04,0,0,1.42679140492,0,0
2009-05-05,0,0,1.43406804108,0,0
2009-05-06,0,0,1.45357136644,0,0
2009-05-07,0,0,1.45560636636,0,0
2009-05-08,0,0,1.46594117156,0,0
2009-05-11,0,0,1.4380882893,0,0
2009-05-12,0,0,1.46699386391,0,0
2009-05-13,0,0,1.47726282096,0,0
2009-05-14,0,0,1.46795606519,0,0
2009-05-15,0,0,1.46898363443,0,0
2009-05-18,0,0,1.47618165424,0,0
2009-05-19,0,0,1.49064823445,0,0
2009-05-20,0,0,1.47723240034,0,0
2009-05-21,0,0,1.4453241805,0,0
2009-05-22,0,0,1.44113274037,0,0
2009-05-25,0,0,1.44632081824,0,0
2009-05-26,0,0,1.43185761006,0,0
2009-05-27,0,0,1.45147405931,0,0
2009-06-01,0,0,1.4999532929,0,0
2009-06-02,0,0,1.50400316679,0,0
2009-06-03,0,0,1.54009924279,0,0
2009-06-04,0,0,1.5484157787,0,0
2009-06-05,0,0,1.54113822454,0,0
2009-06-08,0,0,1.54622398068,0,0
2009-06-09,0,0,1.55349123339,0,0
2009-06-10,0,0,1.56793870186,0,0
2009-06-11,0,0,1.55461122289,0,0
2009-06-12,0,0,1.52787190986,0,0
2009-06-15,0,0,1.55873492244,0,0
2009-06-16,0,0,1.55670856704,0,0
2009-06-17,0,0,1.58146023326,0,0
2009-06-18,0,0,1.60407511459,0,0
2009-06-19,0,0,1.61434119533,0,0
2009-06-22,0,0,1.61643983888,0,0
2009-06-23,0,0,1.61740970278,0,0
2009-06-24,0,0,1.63600991437,0,0
2009-06-25,0,0,1.63388310148,0,0
2009-06-26,0,0,1.64009185726,0,0
2009-06-29,0,0,1.66485724431,0,0
2009-06-30,0,0,1.65769835816,0,0
2009-07-01,0,0,1.69267579351,0,0
2009-07-02,0,0,1.71332643819,0,0
2009-07-03,0,0,1.73491435132,0,0
2009-07-06,0,0,1.75972362654,0,0
2009-07-07,0,0,1.74212639027,0,0
2009-07-08,0,0,1.74822383264,0,0
2009-07-09,0,0,1.77095074246,0,0
2009-07-10,0,0,1.77201331291,0,0
2009-07-13,0,0,1.75145795848,0,0
2009-07-14,0,0,1.79787159438,0,0
2009-07-15,0,0,1.8163896718,0,0
2009-07-16,0,0,1.82147556288,0,0
2009-07-17,0,0,1.83076508825,0,0
2009-07-20,0,0,1.86371885984,0,0
2009-07-21,0,0,1.84004963032,0,0
2009-07-22,0,0,1.8729865187,0,0
2009-07-23,0,0,1.89564965558,0,0
2009-07-24,0,0,1.9038009491,0,0
2009-07-27,0,0,1.94092506761,0,0
2009-07-28,0,0,1.94810649036,0,0
2009-07-29,0,0,1.85440256817,0,0
2009-07-30,0,0,1.89037797799,0,0
2009-07-31,0,0,1.93669223845,0,0
2009-08-03,0,0,1.96148189911,0,0
2009-08-04,0,0,1.96148189911,0,0
2009-08-05,0,0,1.94088633917,0,0
2009-08-06,0,0,1.90381541009,0,0
2009-08-07,0,0,1.85127010477,0,0
2009-08-10,0,0,1.84516091342,0,0
2009-08-11,0,0,1.85143446053,0,0
2009-08-12,0,0,1.77219306562,0,0
2009-08-13,0,0,1.79487713686,0,0
2009-08-14,0,0,1.74641545416,0,0
2009-08-17,0,0,1.64337694237,0,0
2009-08-18,0,0,1.65882468563,0,0
2009-08-19,0,0,1.57953286565,0,0
2009-08-20,0,0,1.6412926007,0,0
2009-08-21,0,0,1.67017935047,0,0
2009-08-24,0,0,1.68153657006,0,0
2009-08-25,0,0,1.62285094376,0,0
2009-08-26,0,0,1.65173769056,0,0
2009-08-27,0,0,1.64447004472,0,0
2009-08-28,0,0,1.59086032126,0,0
2009-08-31,0,0,1.48570445403,0,0
2009-09-01,0,0,1.49298440585,0,0
2009-09-02,0,0,1.51776794699,0,0
2009-09-03,0,0,1.59714721062,0,0
2009-09-04,0,0,1.60848695581,0,0
2009-09-07,0,0,1.62087230537,0,0
2009-09-08,0,0,1.6539381004,0,0
2009-09-09,0,0,1.66601184854,0,0
2009-09-10,0,0,1.65068453953,0,0
2009-09-11,0,0,1.6869995994,0,0
2009-09-14,0,0,1.71348549311,0,0
2009-09-15,0,0,1.71794055539,0,0
2009-09-16,0,0,1.69595091628,0,0
2009-09-17,0,0,1.72563005732,0,0
2009-09-18,0,0,1.66730376138,0,0
2009-09-21,0,0,1.67280586379,0,0
2009-09-22,0,0,1.63433132893,0,0
2009-09-23,0,0,1.59919320535,0,0
2009-09-24,0,0,1.61022763847,0,0
2009-09-25,0,0,1.59927809053,0,0
2009-09-28,0,0,1.5564174377,0,0
2009-09-29,0,0,1.5564174377,0,0
2009-09-30,0,0,1.57291546254,0,0
2009-10-09,0,0,1.65108936103,0,0
2009-10-12,0,0,1.64448500359,0,0
2009-10-13,0,0,1.66767224214,0,0
2009-10-14,0,0,1.68201422342,0,0
2009-10-15,0,0,1.68857407889,0,0
2009-10-16,0,0,1.68975608075,0,0
2009-10-19,0,0,1.73047920229,0,0
2009-10-20,0,0,1.7536676236,0,0
2009-10-21,0,0,1.74928345454,0,0
2009-10-22,0,0,1.73826296878,0,0
2009-10-23,0,0,1.76903022333,0,0
2009-10-26,0,0,1.76903022333,0,0
2009-10-27,0,0,1.72055879521,0,0
2009-10-28,0,0,1.72830130979,0,0
2009-10-29,0,0,1.68751339888,0,0
2009-10-30,0,0,1.70286977081,0,0
2009-11-02,0,0,1.7578724644,0,0
2009-11-03,0,0,1.77879114673,0,0
2009-11-04,0,0,1.78875237715,0,0
2009-11-05,0,0,1.79322425809,0,0
2009-11-06,0,0,1.80308699151,0,0
2009-11-09,0,0,1.80867656119,0,0
2009-11-10,0,0,1.81301738493,0,0
2009-11-11,0,0,1.80866614321,0,0
2009-11-12,0,0,1.81083654258,0,0
2009-11-13,0,0,1.81970964164,0,0
2009-11-16,0,0,1.87138939546,0,0
2009-11-17,0,0,1.87363506274,0,0
2009-11-18,0,0,1.87363506274,0,0
2009-11-19,0,0,1.88019278546,0,0
2009-11-20,0,0,1.87474022638,0,0
2009-11-23,0,0,1.89123794037,0,0
2009-11-24,0,0,1.83393343078,0,0
2009-11-25,0,0,1.87354639288,0,0
2009-11-26,0,0,1.80310104851,0,0
2009-11-27,0,0,1.75243390905,0,0
2009-11-30,0,0,1.81622250334,0,0
2009-12-01,0,0,1.84037826263,0,0
2009-12-02,0,0,1.85804589395,0,0
2009-12-03,0,0,1.85470141134,0,0
2009-12-04,0,0,1.88103817138,0,0
2009-12-07,0,0,1.89307681568,0,0
2009-12-08,0,0,1.86998127853,0,0
2009-12-09,0,0,1.83594761926,0,0
2009-12-10,0,0,1.84696330498,0,0
2009-12-11,0,0,1.84585512699,0,0
2009-12-14,0,0,1.86449826378,0,0
2009-12-15,0,0,1.85014162714,0,0
2009-12-16,0,0,1.83922579154,0,0
2009-12-17,0,0,1.79968243703,0,0
2009-12-18,0,0,1.75559021732,0,0
2009-12-21,0,0,1.7578724846,0,0
2009-12-22,0,0,1.71392567249,0,0
2009-12-23,0,0,1.72815125557,0,0
2009-12-24,0,0,1.7777491966,0,0
2009-12-25,0,0,1.77117152458,0,0
2009-12-28,0,0,1.79756198029,0,0
2009-12-29,0,0,1.80852710837,0,0
2009-12-30,0,0,1.83818695295,0,0
2009-12-31,0,0,1.84701025032,0,0
2010-01-04,0,0,1.82613903449,0,0
2010-01-05,0,0,1.84147860238,0,0
2010-01-06,0,0,1.83042973077,0,0
2010-01-07,0,0,1.79748199562,0,0
2010-01-08,0,0,1.8030541898,0,0
2010-01-11,0,0,1.8030541898,0,0
2010-01-12,0,0,1.82829694846,0,0
2010-01-13,0,0,1.77326521031,0,0
2010-01-14,0,0,1.79755894369,0,0
2010-01-15,0,0,1.80313137642,0,0
2010-01-18,0,0,1.81196672016,0,0
2010-01-19,0,0,1.81522826026,0,0
2010-01-20,0,0,1.75804857006,0,0
2010-01-21,0,0,1.76578398377,0,0
2010-01-22,0,0,1.74494773276,0,0
2010-01-25,0,0,1.72505532861,0,0
2010-01-26,0,0,1.68537905605,0,0
2010-01-27,0,0,1.66448035575,0,0
2010-01-28,0,0,1.66880800468,0,0
2010-01-29,0,0,1.66663855427,0,0
2010-02-01,0,0,1.64013900126,0,0
2010-02-02,0,0,1.63685872326,0,0
2010-02-03,0,0,1.67876230657,0,0
2010-02-04,0,0,1.67322239096,0,0
2010-02-05,0,0,1.64025990986,0,0
2010-02-08,0,0,1.63911172792,0,0
2010-02-09,0,0,1.64796293125,0,0
2010-02-10,0,0,1.66889206048,0,0
2010-02-11,0,0,1.6722298446,0,0
2010-02-12,0,0,1.68878492006,0,0
2010-02-22,0,0,1.67882108903,0,0
2010-02-23,0,0,1.66236864236,0,0
2010-02-24,0,0,1.68547556649,0,0
2010-02-25,0,0,1.70856658175,0,0
2010-02-26,0,0,1.70412430864,0,0
2010-03-01,0,0,1.72389215062,0,0
2010-03-02,0,0,1.71734136045,0,0
2010-03-03,0,0,1.72953448411,0,0
2010-03-04,0,0,1.68767974959,0,0
2010-03-05,0,0,1.69206771694,0,0
2010-03-08,0,0,1.70526584513,0,0
2010-03-09,0,0,1.71515638703,0,0
2010-03-10,0,0,1.70194968285,0,0
2010-03-11,0,0,1.70092851304,0,0
2010-03-12,0,0,1.68000709233,0,0
2010-03-15,0,0,1.65463898524,0,0
2010-03-16,0,0,1.66572506644,0,0
2010-03-17,0,0,1.6998724303,0,0
2010-03-18,0,0,1.69664267268,0,0
2010-03-19,0,0,1.70868883566,0,0
2010-03-22,0,0,1.71313142663,0,0
2010-03-23,0,0,1.69994031465,0,0
2010-03-24,0,0,1.69994031465,0,0
2010-03-25,0,0,1.67682112637,0,0
2010-03-26,0,0,1.69996125791,0,0
2010-03-29,0,0,1.7407603281,0,0
2010-03-30,0,0,1.74406777273,0,0
2010-03-31,0,0,1.73412658642,0,0
2010-04-01,0,0,1.75614999407,0,0
2010-04-02,0,0,1.76387705404,0,0
2010-04-06,0,0,1.76281872781,0,0
2010-04-07,0,0,1.75400463417,0,0
2010-04-08,0,0,1.73313197902,0,0
2010-04-09,0,0,1.74855685364,0,0
2010-04-12,0,0,1.73526782155,0,0
2010-04-13,0,0,1.75504987472,0,0
2010-04-14,0,0,1.76171906424,0,0
2010-04-15,0,0,1.75625773514,0,0
2010-04-16,0,0,1.73746577737,0,0
2010-04-19,0,0,1.64937626246,0,0
2010-04-20,0,0,1.64723207332,0,0
2010-04-21,0,0,1.67803531309,0,0
2010-04-22,0,0,1.6604159423,0,0
2010-04-23,0,0,1.65377427853,0,0
2010-04-26,0,0,1.64054408431,0,0
2010-04-27,0,0,1.60756914821,0,0
2010-04-28,0,0,1.60322871151,0,0
2010-04-29,0,0,1.58559319568,0,0
2010-04-30,0,0,1.59114277187,0,0
2010-05-04,0,0,1.57125348722,0,0
2010-05-05,0,0,1.57895262931,0,0
2010-05-06,0,0,1.51184714256,0,0
2010-05-07,0,0,1.48327323157,0,0
2010-05-10,0,0,1.49321116222,0,0
2010-05-11,0,0,1.46454150791,0,0
2010-05-12,0,0,1.47332875695,0,0
2010-05-13,0,0,1.50750998411,0,0
2010-05-14,0,0,1.49756041822,0,0
2010-05-17,0,0,1.42268239731,0,0
2010-05-18,0,0,1.4491442899,0,0
2010-05-19,0,0,1.44479685703,0,0
2010-05-20,0,0,1.42717033537,0,0
2010-05-21,0,0,1.4481497393,0,0
2010-05-24,0,0,1.49883498018,0,0
2010-05-25,0,0,1.46915804757,0,0
2010-05-26,0,0,1.46915804757,0,0
2010-05-27,0,0,1.49339915536,0,0
2010-05-28,0,0,1.48787357848,0,0
2010-05-31,0,0,1.4493376528,0,0
2010-06-01,0,0,1.43498921004,0,0
2010-06-02,0,0,1.44273815177,0,0
2010-06-03,0,0,1.43177334182,0,0
2010-06-04,0,0,1.43621183918,0,0
2010-06-07,0,0,1.41193985909,0,0
2010-06-08,0,0,1.41306941098,0,0
2010-06-09,0,0,1.45489626555,0,0
2010-06-10,0,0,1.43947436513,0,0
2010-06-11,0,0,1.44393673566,0,0
2010-06-17,0,0,1.43628387096,0,0
2010-06-18,0,0,1.41315970064,0,0
2010-06-21,0,0,1.45498922778,0,0
2010-06-22,0,0,1.45717171162,0,0
2010-06-23,0,0,1.44391144905,0,0
2010-06-24,0,0,1.44391144905,0,0
2010-06-25,0,0,1.43394846005,0,0
2010-06-28,0,0,1.42405421567,0,0
2010-06-29,0,0,1.36239266814,0,0
2010-06-30,0,0,1.34808754512,0,0
2010-07-01,0,0,1.32934912824,0,0
2010-07-02,0,0,1.33267250106,0,0
2010-07-05,0,0,1.32281072456,0,0
2010-07-06,0,0,1.34820869047,0,0
2010-07-07,0,0,1.35697204695,0,0
2010-07-08,0,0,1.35480089168,0,0
2010-07-09,0,0,1.39110955558,0,0
2010-07-12,0,0,1.405437984,0,0
2010-07-13,0,0,1.38562130842,0,0
2010-07-14,0,0,1.3944892848,0,0
2010-07-15,0,0,1.3724563541,0,0
2010-07-16,0,0,1.37684821443,0,0
2010-07-19,0,0,1.40989257158,0,0
2010-07-20,0,0,1.43964130484,0,0
2010-07-21,0,0,1.4418007668,0,0
2010-07-22,0,0,1.45939073615,0,0
2010-07-23,0,0,1.46493642095,0,0
2010-07-26,0,0,1.47372603947,0,0
2010-07-27,0,0,1.4670942723,0,0
2010-07-28,0,0,1.50010389342,0,0
2010-07-29,0,0,1.50775442328,0,0
2010-07-30,0,0,1.50338193545,0,0
2010-08-02,0,0,1.52653401726,0,0
2010-08-03,0,0,1.50119355257,0,0
2010-08-04,0,0,1.50674796872,0,0
2010-08-05,0,0,1.49348858659,0,0
2010-08-06,0,0,1.51768310169,0,0
2010-08-09,0,0,1.52754804185,0,0
2010-08-10,0,0,1.48462394188,0,0
2010-08-11,0,0,1.49338322314,0,0
2010-08-12,0,0,1.4757613011,0,0
2010-08-13,0,0,1.49553650254,0,0
2010-08-16,0,0,1.52858785924,0,0
2010-08-17,0,0,1.53959369183,0,0
2010-08-18,0,0,1.53636054508,0,0
2010-08-19,0,0,1.54511780018,0,0
2010-08-20,0,0,1.51653312088,0,0
2010-08-23,0,0,1.5154715477,0,0
2010-08-24,0,0,1.52320045259,0,0
2010-08-25,0,0,1.48908076245,0,0
2010-08-26,0,0,1.4913143836,0,0
2010-08-27,0,0,1.49578832675,0,0
2010-08-30,0,0,1.52435788379,0,0
2010-08-31,0,0,1.51780314489,0,0
2010-09-01,0,0,1.50793742444,0,0
2010-09-02,0,0,1.52663584851,0,0
2010-09-03,0,0,1.52556720341,0,0
2010-09-06,0,0,1.5531799698,0,0
2010-09-07,0,0,1.55752887371,0,0
2010-09-08,0,0,1.5564386035,0,0
2010-09-09,0,0,1.52888964022,0,0
2010-09-10,0,0,1.53225319743,0,0
2010-09-13,0,0,1.54650315216,0,0
2010-09-14,0,0,1.54866825658,0,0
2010-09-15,0,0,1.52218602939,0,0
2010-09-16,0,0,1.49463446226,0,0
2010-09-17,0,0,1.49687641395,0,0
2010-09-20,0,0,1.49133797122,0,0
2010-09-21,0,0,1.49461891475,0,0
2010-09-27,0,0,1.51778550793,0,0
2010-09-28,0,0,1.50564322387,0,0
2010-09-29,0,0,1.50233080878,0,0
2010-09-30,0,0,1.53312859036,0,0
2010-10-08,0,0,1.58709471674,0,0
2010-10-11,0,0,1.63010498356,0,0
2010-10-12,0,0,1.64999226436,0,0
2010-10-13,0,0,1.67309215606,0,0
2010-10-14,0,0,1.67526717586,0,0
2010-10-15,0,0,1.72586024458,0,0
2010-10-18,0,0,1.71602284118,0,0
2010-10-19,0,0,1.74794086603,0,0
2010-10-20,0,0,1.75895289348,0,0
2010-10-21,0,0,1.74910275728,0,0
2010-10-22,0,0,1.75242605252,0,0
2010-10-25,0,0,1.80307116544,0,0
2010-10-26,0,0,1.79531795943,0,0
2010-10-27,0,0,1.7655156813,0,0
2010-10-28,0,0,1.76339706248,0,0
2010-10-29,0,0,1.75458007717,0,0
2010-11-01,0,0,1.80090099121,0,0
2010-11-02,0,0,1.79531819813,0,0
2010-11-03,0,0,1.77431297522,0,0
2010-11-04,0,0,1.8041214332,0,0
2010-11-05,0,0,1.8228842961,0,0
2010-11-08,0,0,1.83619135147,0,0
2010-11-09,0,0,1.82407248855,0,0
2010-11-10,0,0,1.80966231589,0,0
2010-11-11,0,0,1.81509130283,0,0
2010-11-12,0,0,1.70709337032,0,0
2010-11-15,0,0,1.71699451186,0,0
2010-11-16,0,0,1.64436564401,0,0
2010-11-17,0,0,1.61131389457,0,0
2010-11-18,0,0,1.63338889492,0,0
2010-11-19,0,0,1.6477627172,0,0
2010-11-22,0,0,1.64446719176,0,0
2010-11-23,0,0,1.61141340121,0,0
2010-11-24,0,0,1.6499261815,0,0
2010-11-25,0,0,1.670880244,0,0
2010-11-26,0,0,1.65768029008,0,0
2010-11-29,0,0,1.6555253057,0,0
2010-11-30,0,0,1.62986466346,0,0
2010-12-01,0,0,1.62856077173,0,0
2010-12-02,0,0,1.63833213636,0,0
2010-12-03,0,0,1.63947896885,0,0
2010-12-06,0,0,1.64308582259,0,0
2010-12-07,0,0,1.65902375507,0,0
2010-12-08,0,0,1.64425844365,0,0
2010-12-09,0,0,1.62107439959,0,0
2010-12-10,0,0,1.63939254031,0,0
2010-12-13,0,0,1.68595128845,0,0
2010-12-14,0,0,1.69084054719,0,0
2010-12-15,0,0,1.67985008363,0,0
2010-12-16,0,0,1.6712828482,0,0
2010-12-17,0,0,1.66877592393,0,0
2010-12-20,0,0,1.64557993859,0,0
2010-12-21,0,0,1.68112446526,0,0
2010-12-22,0,0,1.66397699572,0,0
2010-12-23,0,0,1.65049878205,0,0
2010-12-24,0,0,1.63828509106,0,0
2010-12-27,0,0,1.6065023603,0,0
2010-12-28,0,0,1.57951312064,0,0
2010-12-29,0,0,1.5880424915,0,0
2010-12-30,0,0,1.58931292549,0,0
2010-12-31,0,0,1.621099184,0,0
2011-01-04,0,0,1.6493063098,0,0
2011-01-05,0,0,1.64320387645,0,0
2011-01-06,0,0,1.6346592163,0,0
2011-01-07,0,0,1.63825546657,0,0
2011-01-10,0,0,1.61007747255,0,0
2011-01-11,0,0,1.61861088315,0,0
2011-01-12,0,0,1.62718952083,0,0
2011-01-13,0,0,1.62588776922,0,0
2011-01-14,0,0,1.60149945268,0,0
2011-01-17,0,0,1.54640787151,0,0
2011-01-18,0,0,1.5476449978,0,0
2011-01-19,0,0,1.58060983626,0,0
2011-01-20,0,0,1.53161093133,0,0
2011-01-21,0,0,1.55121555125,0,0
2011-01-24,0,0,1.53647900352,0,0
2011-01-25,0,0,1.5291039043,0,0
2011-01-26,0,0,1.54867643427,0,0
2011-01-27,0,0,1.57190658079,0,0
2011-01-28,0,0,1.57677949119,0,0
2011-01-31,0,0,1.59507013329,0,0
2011-02-01,0,0,1.59634618939,0,0
2011-02-09,0,0,1.57798820822,0,0
2011-02-10,0,0,1.60860117945,0,0
2011-02-11,0,0,1.61712676571,0,0
2011-02-14,0,0,1.66612570671,0,0
2011-02-15,0,0,1.66495941871,0,0
2011-02-16,0,0,1.68094302913,0,0
2011-02-17,0,0,1.67976636901,0,0
2011-02-18,0,0,1.66263275205,0,0
2011-02-21,0,0,1.68457950437,0,0
2011-02-22,0,0,1.63926431571,0,0
2011-02-23,0,0,1.64418210865,0,0
2011-02-24,0,0,1.65273185562,0,0
2011-02-25,0,0,1.6552109534,0,0
2011-02-28,0,0,1.67606661141,0,0
2011-03-01,0,0,1.68344130451,0,0
2011-03-02,0,0,1.67738091581,0,0
2011-03-03,0,0,1.6676521065,0,0
2011-03-04,0,0,1.69083247078,0,0
2011-03-07,0,0,1.7214365385,0,0
2011-03-08,0,0,1.72264154408,0,0
2011-03-09,0,0,1.72264154408,0,0
2011-03-10,0,0,1.69456248691,0,0
2011-03-11,0,0,1.67863359953,0,0
2011-03-14,0,0,1.68601958737,0,0
2011-03-15,0,0,1.65668284655,0,0
2011-03-16,0,0,1.67871672841,0,0
2011-03-17,0,0,1.65303236246,0,0
2011-03-18,0,0,1.6627852534,0,0
2011-03-21,0,0,1.65796317617,0,0
2011-03-22,0,0,1.66525821414,0,0
2011-03-23,0,0,1.68607394182,0,0
2011-03-24,0,0,1.67865521647,0,0
2011-03-25,0,0,1.69947054116,0,0
2011-03-28,0,0,1.6970912824,0,0
2011-03-29,0,0,1.68113862435,0,0
2011-03-30,0,0,1.67996182731,0,0
2011-03-31,0,0,1.66400218995,0,0
2011-04-01,0,0,1.68962782367,0,0
2011-04-06,0,0,1.70804476695,0,0
2011-04-07,0,0,1.71419372811,0,0
2011-04-08,0,0,1.72893579418,0,0
2011-04-11,0,0,1.71787060509,0,0
2011-04-12,0,0,1.71426307682,0,0
2011-04-13,0,0,1.73620564421,0,0
2011-04-14,0,0,1.72769823655,0,0
2011-04-15,0,0,1.73011701408,0,0
2011-04-18,0,0,1.73011701408,0,0
2011-04-19,0,0,1.69949394293,0,0
2011-04-20,0,0,1.69949394293,0,0
2011-04-21,0,0,1.71054065356,0,0
2011-04-22,0,0,1.70198795029,0,0
2011-04-25,0,0,1.67628793224,0,0
2011-04-26,0,0,1.66773886379,0,0
2011-04-27,0,0,1.65673178729,0,0
2011-04-28,0,0,1.63469725452,0,0
2011-04-29,0,0,1.64940952981,0,0
2011-05-03,0,0,1.65798645936,0,0
2011-05-04,0,0,1.61753158975,0,0
2011-05-05,0,0,1.61623756448,0,0
2011-05-06,0,0,1.61252021808,0,0
2011-05-09,0,0,1.61735777874,0,0
2011-05-10,0,0,1.62835581163,0,0
2011-05-11,0,0,1.62461059327,0,0
2011-05-12,0,0,1.60381557767,0,0
2011-05-13,0,0,1.61600457606,0,0
2011-05-16,0,0,1.60259173808,0,0
2011-05-17,0,0,1.61108547429,0,0
2011-05-18,0,0,1.62204085552,0,0
2011-05-19,0,0,1.61230861039,0,0
2011-05-20,0,0,1.61359845727,0,0
2011-05-23,0,0,1.56583594294,0,0
2011-05-24,0,0,1.56708861169,0,0
2011-05-25,0,0,1.54875367494,0,0
2011-05-26,0,0,1.54379766318,0,0
2011-05-27,0,0,1.53638743439,0,0
2011-05-30,0,0,1.5314709946,0,0
2011-05-31,0,0,1.55474935372,0,0
2011-06-01,0,0,1.55723695269,0,0
2011-06-02,0,0,1.53278833253,0,0
2011-06-03,0,0,1.54872933119,0,0
2011-06-07,0,0,1.55724734251,0,0
2011-06-08,0,0,1.55973893826,0,0
2011-06-09,0,0,1.53275545463,0,0
2011-06-10,0,0,1.53888647644,0,0
2011-06-13,0,0,1.53396203972,0,0
2011-06-14,0,0,1.55605109309,0,0
2011-06-15,0,0,1.54142421282,0,0
2011-06-16,0,0,1.52061498594,0,0
2011-06-17,0,0,1.50845006606,0,0
2011-06-20,0,0,1.49985190068,0,0
2011-06-21,0,0,1.51695021235,0,0
2011-06-22,0,0,1.51695021235,0,0
2011-06-23,0,0,1.54258667094,0,0
2011-06-24,0,0,1.57806616437,0,0
2011-06-27,0,0,1.58169571655,0,0
2011-06-28,0,0,1.58406826012,0,0
2011-06-29,0,0,1.56331696591,0,0
2011-06-30,0,0,1.5866103887,0,0
2011-07-01,0,0,1.58787967702,0,0
2011-07-04,0,0,1.62328939381,0,0
2011-07-05,0,0,1.62458802533,0,0
2011-07-06,0,0,1.61971426125,0,0
2011-07-07,0,0,1.61355934706,0,0
2011-07-08,0,0,1.6184000251,0,0
2011-07-11,0,0,1.61969474512,0,0
2011-07-12,0,0,1.59151205656,0,0
2011-07-13,0,0,1.61713540067,0,0
2011-07-14,0,0,1.62198680687,0,0
2011-07-15,0,0,1.62815035673,0,0
2011-07-18,0,0,1.62440561091,0,0
2011-07-19,0,0,1.61092304434,0,0
2011-07-20,0,0,1.60850665978,0,0
2011-07-21,0,0,1.59386924917,0,0
2011-07-22,0,0,1.59881024384,0,0
2011-07-25,0,0,1.54988665038,0,0
2011-07-26,0,0,1.55360637834,0,0
2011-07-27,0,0,1.56463698363,0,0
2011-07-28,0,0,1.55603148022,0,0
2011-07-29,0,0,1.55229700467,0,0
2011-08-01,0,0,1.55602251748,0,0
2011-08-02,0,0,1.54621957562,0,0
2011-08-03,0,0,1.54498259996,0,0
2011-08-04,0,0,1.54745457212,0,0
2011-08-05,0,0,1.51681497159,0,0
2011-08-08,0,0,1.46660839603,0,0
2011-08-09,0,0,1.4691016303,0,0
2011-08-10,0,0,1.48129517384,0,0
2011-08-11,0,0,1.50336647193,0,0
2011-08-12,0,0,1.50577185828,0,0
2011-08-15,0,0,1.52655150993,0,0
2011-08-16,0,0,1.51800282147,0,0
2011-08-17,0,0,1.51314521244,0,0
2011-08-18,0,0,1.48742174383,0,0
2011-08-19,0,0,1.47522488553,0,0
2011-08-22,0,0,1.46047263667,0,0
2011-08-23,0,0,1.48252577349,0,0
2011-08-24,0,0,1.47644741782,0,0
2011-08-25,0,0,1.52413666941,0,0
2011-08-26,0,0,1.52291736008,0,0
2011-08-29,0,0,1.49718005669,0,0
2011-08-30,0,0,1.4922393625,0,0
2011-08-31,0,0,1.49343315399,0,0
2011-09-01,0,0,1.48731007806,0,0
2011-09-02,0,0,1.47258570829,0,0
2011-09-05,0,0,1.44445932126,0,0
2011-09-06,0,0,1.43463699788,0,0
2011-09-07,0,0,1.46275588304,0,0
2011-09-08,0,0,1.45046873362,0,0
2011-09-09,0,0,1.44800293677,0,0
2011-09-13,0,0,1.43453650946,0,0
2011-09-14,0,0,1.44070501645,0,0
2011-09-15,0,0,1.43955245244,0,0
2011-09-16,0,0,1.44199969161,0,0
2011-09-19,0,0,1.41388069762,0,0
2011-09-20,0,0,1.41882928006,0,0
2011-09-21,0,0,1.45671202184,0,0
2011-09-22,0,0,1.41519572922,0,0
2011-09-23,0,0,1.40783671142,0,0
2011-09-26,0,0,1.37841292416,0,0
2011-09-27,0,0,1.39068079918,0,0
2011-09-28,0,0,1.37719119543,0,0
2011-09-29,0,0,1.36741313794,0,0
2011-09-30,0,0,1.36372112247,0,0
2011-10-10,0,0,1.35022028336,0,0
2011-10-11,0,0,1.34657468859,0,0
2011-10-12,0,0,1.39181959813,0,0
2011-10-13,0,0,1.40044887964,0,0
2011-10-14,0,0,1.39680771255,0,0
2011-10-17,0,0,1.40421079343,0,0
2011-10-18,0,0,1.366297102,0,0
2011-10-19,0,0,1.36137843244,0,0
2011-10-20,0,0,1.33074741771,0,0
2011-10-21,0,0,1.32582365226,0,0
2011-10-24,0,0,1.36002990249,0,0
2011-10-25,0,0,1.38328641382,0,0
2011-10-26,0,0,1.39545933426,0,0
2011-10-27,0,0,1.39908752853,0,0
2011-10-28,0,0,1.42483073906,0,0
2011-10-31,0,0,1.41628175462,0,0
2011-11-01,0,0,1.4175564082,0,0
2011-11-02,0,0,1.43952853253,0,0
2011-11-03,0,0,1.44082410821,0,0
2011-11-04,0,0,1.45062171214,0,0
2011-11-07,0,0,1.43597043285,0,0
2011-11-08,0,0,1.43223690973,0,0
2011-11-09,0,0,1.44441092346,0,0
2011-11-10,0,0,1.41870040902,0,0
2011-11-11,0,0,1.41628861833,0,0
2011-11-14,0,0,1.44319810207,0,0
2011-11-15,0,0,1.4407446653,0,0
2011-11-16,0,0,1.4028530806,0,0
2011-11-17,0,0,1.39920566259,0,0
2011-11-18,0,0,1.37108162878,0,0
2011-11-21,0,0,1.37231560224,0,0
2011-11-22,0,0,1.37231560224,0,0
2011-11-23,0,0,1.36010199338,0,0
2011-11-24,0,0,1.36255017697,0,0
2011-11-25,0,0,1.35396611085,0,0
2011-11-28,0,0,1.35640324985,0,0
2011-11-29,0,0,1.3734939308,0,0
2011-11-30,0,0,1.3318770647,0,0
2011-12-01,0,0,1.36370892655,0,0
2011-12-02,0,0,1.35143554621,0,0
2011-12-05,0,0,1.33427231477,0,0
2011-12-06,0,0,1.3318706246,0,0
2011-12-07,0,0,1.33799722948,0,0
2011-12-08,0,0,1.33679303197,0,0
2011-12-09,0,0,1.32583132911,0,0
2011-12-12,0,0,1.31244043268,0,0
2011-12-13,0,0,1.28553540381,0,0
2011-12-14,0,0,1.27332281748,0,0
2011-12-15,0,0,1.24645570603,0,0
2011-12-16,0,0,1.27088623787,0,0
2011-12-19,0,0,1.26847155401,0,0
2011-12-20,0,0,1.26479298651,0,0
2011-12-21,0,0,1.2464534882,0,0
2011-12-22,0,0,1.2464534882,0,0
2011-12-23,0,0,1.25505401727,0,0
2011-12-26,0,0,1.24287999331,0,0
2011-12-27,0,0,1.22821400938,0,0
2011-12-28,0,0,1.22944222339,0,0
2011-12-29,0,0,1.23067166562,0,0
2011-12-30,0,0,1.24777800177,0,0
2011-12-31,0,0,1.24777800177,0,0
2012-01-04,0,0,1.22456933094,0,0
2012-01-05,0,0,1.21354820696,0,0
2012-01-06,0,0,1.21961594799,0,0
2012-01-09,0,0,1.25754600397,0,0
2012-01-10,0,0,1.2966556847,0,0
2012-01-11,0,0,1.29056140298,0,0
2012-01-12,0,0,1.29056140298,0,0
2012-01-13,0,0,1.27094486966,0,0
2012-01-16,0,0,1.24768657854,0,0
2012-01-17,0,0,1.30395724323,0,0
2012-01-18,0,0,1.2855714461,0,0
2012-01-19,0,0,1.30884028928,0,0
2012-01-20,0,0,1.32598609707,0,0
2012-01-30,0,0,1.30397472786,0,0
2012-01-31,0,0,1.30514830511,0,0
2012-02-01,0,0,1.28805086231,0,0
2012-02-02,0,0,1.31613037111,0,0
2012-02-03,0,0,1.32586973586,0,0
2012-02-06,0,0,1.32586973586,0,0
2012-02-07,0,0,1.30266701548,0,0
2012-02-08,0,0,1.33692715799,0,0
2012-02-09,0,0,1.33813039243,0,0
2012-02-10,0,0,1.33933470978,0,0
2012-02-13,0,0,1.33812930854,0,0
2012-02-14,0,0,1.3331782301,0,0
2012-02-15,0,0,1.34664333023,0,0
2012-02-16,0,0,1.34058343524,0,0
2012-02-17,0,0,1.34058343524,0,0
2012-02-20,0,0,1.34178996033,0,0
2012-02-21,0,0,1.35279263801,0,0
2012-02-22,0,0,1.36997310451,0,0
2012-02-23,0,0,1.37367203189,0,0
2012-02-24,0,0,1.3956507844,0,0
2012-02-27,0,0,1.39927947644,0,0
2012-02-28,0,0,1.40291760308,0,0
2012-02-29,0,0,1.38818696825,0,0
2012-03-01,0,0,1.38693759998,0,0
2012-03-02,0,0,1.41134770174,0,0
2012-03-05,0,0,1.40273848076,0,0
2012-03-06,0,0,1.38197795124,0,0
2012-03-07,0,0,1.37216590779,0,0
2012-03-08,0,0,1.38931798163,0,0
2012-03-09,0,0,1.40279436606,0,0
2012-03-12,0,0,1.39662207085,0,0
2012-03-13,0,0,1.40891234507,0,0
2012-03-14,0,0,1.3722806241,0,0
2012-03-15,0,0,1.3613023791,0,0
2012-03-16,0,0,1.38090513336,0,0
2012-03-19,0,0,1.3833907626,0,0
2012-03-20,0,0,1.36014979779,0,0
2012-03-21,0,0,1.36137393261,0,0
2012-03-22,0,0,1.36014869607,0,0
2012-03-23,0,0,1.34545909015,0,0
2012-03-26,0,0,1.34667000333,0,0
2012-03-27,0,0,1.34182199132,0,0
2012-03-28,0,0,1.30639789075,0,0
2012-03-29,0,0,1.29176623437,0,0
2012-03-30,0,0,1.29783753568,0,0
2012-03-31,0,0,1.29783753568,0,0
2012-04-05,0,0,1.3260006102,0,0
2012-04-06,0,0,1.3283874113,0,0
2012-04-09,0,0,1.31616624712,0,0
2012-04-10,0,0,1.32840659321,0,0
2012-04-11,0,0,1.32840659321,0,0
2012-04-12,0,0,1.35404484046,0,0
2012-04-13,0,0,1.35891940189,0,0
2012-04-16,0,0,1.3552503195,0,0
2012-04-17,0,0,1.33939389076,0,0
2012-04-18,0,0,1.36872661697,0,0
2012-04-19,0,0,1.36749476302,0,0
2012-04-20,0,0,1.38212695698,0,0
2012-04-23,0,0,1.37231385559,0,0
2012-04-24,0,0,1.37231385559,0,0
2012-04-25,0,0,1.38205728396,0,0
2012-04-26,0,0,1.38578883863,0,0
2012-04-27,0,0,1.38329441872,0,0
2012-05-02,0,0,1.41137529542,0,0
2012-05-03,0,0,1.41504487119,0,0
2012-05-04,0,0,1.42608222118,0,0
2012-05-07,0,0,1.42736569518,0,0
2012-05-08,0,0,1.42251265182,0,0
2012-05-09,0,0,1.39932569559,0,0
2012-05-10,0,0,1.39932569559,0,0
2012-05-11,0,0,1.38953041572,0,0
2012-05-14,0,0,1.37855312544,0,0
2012-05-15,0,0,1.37979382325,0,0
2012-05-16,0,0,1.35895893652,0,0
2012-05-17,0,0,1.37852794521,0,0
2012-05-18,0,0,1.35895284839,0,0
2012-05-21,0,0,1.36629119377,0,0
2012-05-22,0,0,1.38582915784,0,0
2012-05-23,0,0,1.38097875578,0,0
2012-05-24,0,0,1.37117380662,0,0
2012-05-25,0,0,1.36020441617,0,0
2012-05-28,0,0,1.38101554373,0,0
2012-05-29,0,0,1.39938305046,0,0
2012-05-30,0,0,1.39448520979,0,0
2012-05-31,0,0,1.39085954824,0,0
2012-06-01,0,0,1.39211132184,0,0
2012-06-04,0,0,1.35424589388,0,0
2012-06-05,0,0,1.35424589388,0,0
2012-06-06,0,0,1.35424589388,0,0
2012-06-07,0,0,1.34815178736,0,0
2012-06-08,0,0,1.33952361592,0,0
2012-06-11,0,0,1.35787508946,0,0
2012-06-12,0,0,1.3493204764,0,0
2012-06-13,0,0,1.3688856233,0,0
2012-06-14,0,0,1.36026164388,0,0
2012-06-15,0,0,1.36393435031,0,0
2012-06-18,0,0,1.37129959581,0,0
2012-06-19,0,0,1.36032919904,0,0
2012-06-20,0,0,1.35788060648,0,0
2012-06-21,0,0,1.33832712575,0,0
2012-06-25,0,0,1.31142675052,0,0
2012-06-26,0,0,1.3126070346,0,0
2012-06-27,0,0,1.3089317349,0,0
2012-06-28,0,0,1.29793670833,0,0
2012-06-29,0,0,1.31623761591,0,0
2012-06-30,0,0,1.31623761591,0,0
2012-07-02,0,0,1.31873846738,0,0
2012-07-03,0,0,1.319925332,0,0
2012-07-04,0,0,1.31873739921,0,0
2012-07-05,0,0,1.30278067668,0,0
2012-07-06,0,0,1.32479767011,0,0
2012-07-09,0,0,1.2967119595,0,0
2012-07-10,0,0,1.29178445406,0,0
2012-07-11,0,0,1.30160201591,0,0
2012-07-12,0,0,1.31383707486,0,0
2012-07-13,0,0,1.31383707486,0,0
2012-07-16,0,0,1.28939970527,0,0
2012-07-17,0,0,1.29674928359,0,0
2012-07-18,0,0,1.29674928359,0,0
2012-07-19,0,0,1.30167693086,0,0
2012-07-20,0,0,1.28944116771,0,0
2012-07-23,0,0,1.27229160018,0,0
2012-07-24,0,0,1.27712630826,0,0
2012-07-25,0,0,1.26984668831,0,0
2012-07-26,0,0,1.2637514242,0,0
2012-07-27,0,0,1.2637514242,0,0
2012-07-30,0,0,1.25768541737,0,0
2012-07-31,0,0,1.25768541737,0,0
2012-08-01,0,0,1.26988496592,0,0
2012-08-02,0,0,1.25883696671,0,0
2012-08-03,0,0,1.26865589505,0,0
2012-08-06,0,0,1.28451409374,0,0
2012-08-07,0,0,1.28579860783,0,0
2012-08-08,0,0,1.28579860783,0,0
2012-08-09,0,0,1.29801369461,0,0
2012-08-10,0,0,1.29191303024,0,0
2012-08-13,0,0,1.26749587397,0,0
2012-08-14,0,0,1.26876336985,0,0
2012-08-15,0,0,1.2565832415,0,0
2012-08-16,0,0,1.25042598361,0,0
2012-08-17,0,0,1.24792513165,0,0
2012-08-20,0,0,1.2418102985,0,0
2012-08-21,0,0,1.24665335866,0,0
2012-08-22,0,0,1.23805145049,0,0
2012-08-23,0,0,1.24176560484,0,0
2012-08-24,0,0,1.22835453631,0,0
2012-08-27,0,0,1.20513863557,0,0
2012-08-28,0,0,1.21007970398,0,0
2012-08-29,0,0,1.19785789897,0,0
2012-08-30,0,0,1.19666004107,0,0
2012-08-31,0,0,1.19426672099,0,0
2012-09-03,0,0,1.20644824154,0,0
2012-09-04,0,0,1.1942631143,0,0
2012-09-05,0,0,1.19306885119,0,0
2012-09-06,0,0,1.20165894692,0,0
2012-09-07,0,0,1.2518882909,0,0
2012-09-10,0,0,1.25677065523,0,0
2012-09-11,0,0,1.24822461478,0,0
2012-09-12,0,0,1.25184446616,0,0
2012-09-13,0,0,1.24208007932,0,0
2012-09-14,0,0,1.25065043187,0,0
2012-09-17,0,0,1.22126014672,0,0
2012-09-18,0,0,1.20782628511,0,0
2012-09-19,0,0,1.21277837288,0,0
2012-09-20,0,0,1.18828024974,0,0
2012-09-21,0,0,1.18946852999,0,0
2012-09-24,0,0,1.19803270341,0,0
2012-09-25,0,0,1.195636638,0,0
2012-09-26,0,0,1.1834411443,0,0
2012-09-27,0,0,1.21776093748,0,0
2012-09-28,0,0,1.23858464951,0,0
2012-09-30,0,0,1.23858464951,0,0
2012-10-08,0,0,1.22632266148,0,0
2012-10-09,0,0,1.25084911471,0,0
2012-10-10,0,0,1.25335081294,0,0
2012-10-11,0,0,1.24232132579,0,0
2012-10-12,0,0,1.24356364711,0,0
2012-10-15,0,0,1.23871374889,0,0
2012-10-16,0,0,1.23995246264,0,0
2012-10-17,0,0,1.2411924151,0,0
2012-10-18,0,0,1.25956206284,0,0
2012-10-19,0,0,1.25716889492,0,0
2012-10-22,0,0,1.26207185361,0,0
2012-10-23,0,0,1.24616974826,0,0
2012-10-24,0,0,1.24492357851,0,0
2012-10-25,0,0,1.23633360582,0,0
2012-10-26,0,0,1.21432686763,0,0
2012-10-29,0,0,1.2082552333,0,0
2012-10-30,0,0,1.21067174376,0,0
2012-10-31,0,0,1.21926751314,0,0
2012-11-01,0,0,1.24011698762,0,0
2012-11-02,0,0,1.24495344387,0,0
2012-11-05,0,0,1.24246353698,0,0
2012-11-06,0,0,1.23761792919,0,0
2012-11-07,0,0,1.23514269333,0,0
2012-11-08,0,0,1.21315715339,0,0
2012-11-09,0,0,1.21073083908,0,0
2012-11-12,0,0,1.21690556636,0,0
2012-11-13,0,0,1.19609648118,0,0
2012-11-14,0,0,1.20100047675,0,0
2012-11-15,0,0,1.18634827093,0,0
2012-11-16,0,0,1.17780656338,0,0
2012-11-19,0,0,1.17662875682,0,0
2012-11-20,0,0,1.17168691604,0,0
2012-11-21,0,0,1.1876218581,0,0
2012-11-22,0,0,1.17907098072,0,0
2012-11-23,0,0,1.18767819888,0,0
2012-11-26,0,0,1.17912691585,0,0
2012-11-27,0,0,1.16568486901,0,0
2012-11-28,0,0,1.15461086275,0,0
2012-11-29,0,0,1.14722135323,0,0
2012-11-30,0,0,1.16064384306,0,0
2012-12-03,0,0,1.14474302241,0,0
2012-12-04,0,0,1.15699177275,0,0
2012-12-05,0,0,1.1949411029,0,0
2012-12-06,0,0,1.1937461618,0,0
2012-12-07,0,0,1.21583046579,0,0
2012-12-10,0,0,1.22811035349,0,0
2012-12-11,0,0,1.22074169137,0,0
2012-12-12,0,0,1.22562465814,0,0
2012-12-13,0,0,1.21336841156,0,0
2012-12-14,0,0,1.26845533744,0,0
2012-12-17,0,0,1.27454392306,0,0
2012-12-18,0,0,1.27581846698,0,0
2012-12-19,0,0,1.27709428545,0,0
2012-12-20,0,0,1.28450143231,0,0
2012-12-21,0,0,1.27833582543,0,0
2012-12-24,0,0,1.28319350157,0,0
2012-12-25,0,0,1.31745476806,0,0
2012-12-26,0,0,1.3223293507,0,0
2012-12-27,0,0,1.31492430634,0,0
2012-12-28,0,0,1.33333324663,0,0
2012-12-31,0,0,1.35653324512,0,0
2013-01-04,0,0,1.35775412504,0,0
2013-01-07,0,0,1.3638640186,0,0
2013-01-08,0,0,1.35772663052,0,0
2013-01-09,0,0,1.35772663052,0,0
2013-01-10,0,0,1.36017053845,0,0
2013-01-11,0,0,1.33568746876,0,0
2013-01-14,0,0,1.38470719886,0,0
2013-01-15,0,0,1.39453861998,0,0
2013-01-16,0,0,1.38477684964,0,0
2013-01-17,0,0,1.37134451419,0,0
2013-01-18,0,0,1.39465737094,0,0
2013-01-21,0,0,1.40079386337,0,0
2013-01-22,0,0,1.39463037037,0,0
2013-01-23,0,0,1.400766744,0,0
2013-01-24,0,0,1.38858007333,0,0
2013-01-25,0,0,1.382470321,0,0
2013-01-28,0,0,1.42532690095,0,0
2013-01-29,0,0,1.4375847123,0,0
2013-01-30,0,0,1.44376632657,0,0
2013-01-31,0,0,1.44376632657,0,0
2013-02-01,0,0,1.47191976993,0,0
2013-02-04,0,0,1.47442203354,0,0
2013-02-05,0,0,1.48548019879,0,0
2013-02-06,0,0,1.48666858295,0,0
2013-02-07,0,0,1.47685657031,0,0
2013-02-08,0,0,1.48291168224,0,0
2013-02-18,0,0,1.46570990673,0,0
2013-02-19,0,0,1.43874084445,0,0
2013-02-20,0,0,1.44737328951,0,0
2013-02-21,0,0,1.39960997096,0,0
2013-02-22,0,0,1.39233199911,0,0
2013-02-25,0,0,1.39720516111,0,0
2013-02-26,0,0,1.37764428885,0,0
2013-02-27,0,0,1.39114520288,0,0
2013-02-28,0,0,1.43148841376,0,0
2013-03-01,0,0,1.43020007419,0,0
2013-03-04,0,0,1.36655617089,0,0
2013-03-05,0,0,1.405776333,0,0
2013-03-06,0,0,1.42053698449,0,0
2013-03-07,0,0,1.40462697027,0,0
2013-03-08,0,0,1.39732291002,0,0
2013-03-11,0,0,1.39117468922,0,0
2013-03-12,0,0,1.37281118332,0,0
2013-03-13,0,0,1.35688657359,0,0
2013-03-14,0,0,1.36055016734,0,0
2013-03-15,0,0,1.36299915764,0,0
2013-03-18,0,0,1.34459866901,0,0
2013-03-19,0,0,1.3556243781,0,0
2013-03-20,0,0,1.39968217039,0,0
2013-03-21,0,0,1.40220159829,0,0
2013-03-22,0,0,1.40458534101,0,0
2013-03-25,0,0,1.40093341913,0,0
2013-03-26,0,0,1.38132035126,0,0
2013-03-27,0,0,1.38615497249,0,0
2013-03-28,0,0,1.33833262594,0,0
2013-03-29,0,0,1.33592362721,0,0
2013-04-01,0,0,1.33472129594,0,0
2013-04-02,0,0,1.33098407632,0,0
2013-04-03,0,0,1.32978619065,0,0
2013-04-08,0,0,1.32486598174,0,0
2013-04-09,0,0,1.33347761062,0,0
2013-04-10,0,0,1.33107735092,0,0
2013-04-11,0,0,1.32615236473,0,0
2013-04-12,0,0,1.31885852672,0,0
2013-04-15,0,0,1.30659314242,0,0
2013-04-16,0,0,1.31887511796,0,0
2013-04-17,0,0,1.31768813035,0,0
2013-04-18,0,0,1.32137765712,0,0
2013-04-19,0,0,1.3569227161,0,0
2013-04-22,0,0,1.35448025521,0,0
2013-04-23,0,0,1.3141167436,0,0
2013-04-24,0,0,1.33737660996,0,0
2013-04-25,0,0,1.32266546725,0,0
2013-04-26,0,0,1.3128777428,0,0
2013-05-02,0,0,1.31405933276,0,0
2013-05-03,0,0,1.33731818295,0,0
2013-05-06,0,0,1.35323226933,0,0
2013-05-07,0,0,1.35445017837,0,0
2013-05-08,0,0,1.36176420934,0,0
2013-05-09,0,0,1.35441068261,0,0
2013-05-10,0,0,1.36050553068,0,0
2013-05-13,0,0,1.35438325579,0,0
2013-05-14,0,0,1.33596364351,0,0
2013-05-15,0,0,1.34210907627,0,0
2013-05-16,0,0,1.36653546146,0,0
2013-05-17,0,0,1.38607691856,0,0
2013-05-20,0,0,1.39591806468,0,0
2013-05-21,0,0,1.39717439094,0,0
2013-05-22,0,0,1.39968930484,0,0
2013-05-23,0,0,1.38261309532,0,0
2013-05-24,0,0,1.38994094473,0,0
2013-05-27,0,0,1.39119189158,0,0
2013-05-28,0,0,1.41442479617,0,0
2013-05-29,0,0,1.41315181385,0,0
2013-05-30,0,0,1.40947761914,0,0
2013-05-31,0,0,1.3948190519,0,0
2013-06-03,0,0,1.3948190519,0,0
2013-06-04,0,0,1.37640744041,0,0
2013-06-05,0,0,1.37392990702,0,0
2013-06-06,0,0,1.35922885701,0,0
2013-06-07,0,0,1.33720934953,0,0
2013-06-13,0,0,1.29682562717,0,0
2013-06-14,0,0,1.30538467631,0,0
2013-06-17,0,0,1.29924936833,0,0
2013-06-18,0,0,1.30782441417,0,0
2013-06-19,0,0,1.29801573106,0,0
2013-06-20,0,0,1.25764744182,0,0
2013-06-21,0,0,1.25638979438,0,0
2013-06-24,0,0,1.185403771,0,0
2013-06-25,0,0,1.18291442308,0,0
2013-06-26,0,0,1.18539854337,0,0
2013-06-27,0,0,1.18290920643,0,0
2013-06-28,0,0,1.19887848071,0,0
2013-06-30,0,0,1.19887848071,0,0
2013-07-01,0,0,1.20499276097,0,0
2013-07-02,0,0,1.20993323129,0,0
2013-07-03,0,0,1.20255263858,0,0
2013-07-04,0,0,1.21229331495,0,0
2013-07-05,0,0,1.21593019489,0,0
2013-07-08,0,0,1.18407282379,0,0
2013-07-09,0,0,1.18288875096,0,0
2013-07-10,0,0,1.21470845836,0,0
2013-07-11,0,0,1.26985622237,0,0
2013-07-12,0,0,1.24293527046,0,0
2013-07-15,0,0,1.26008777719,0,0
2013-07-16,0,0,1.26500211952,0,0
2013-07-17,0,0,1.2477980907,0,0
2013-07-18,0,0,1.22571206449,0,0
2013-07-19,0,0,1.19629497494,0,0
2013-07-22,0,0,1.20239607932,0,0
2013-07-23,0,0,1.2354619715,0,0
2013-07-24,0,0,1.22693728389,0,0
2013-07-25,0,0,1.22202953476,0,0
2013-07-26,0,0,1.21469735755,0,0
2013-07-29,0,0,1.19016047093,0,0
2013-07-30,0,0,1.19623028933,0,0
2013-07-31,0,0,1.19993860323,0,0
2013-08-01,0,0,1.22681722794,0,0
2013-08-02,0,0,1.22804404517,0,0
2013-08-05,0,0,1.24400861775,0,0
2013-08-06,0,0,1.2513482686,0,0
2013-08-07,0,0,1.24396531381,0,0
2013-08-08,0,0,1.2427213485,0,0
2013-08-09,0,0,1.24644951254,0,0
2013-08-12,0,0,1.28197332365,0,0
2013-08-13,0,0,1.28440907297,0,0
2013-08-14,0,0,1.27952831849,0,0
2013-08-15,0,0,1.26481374283,0,0
2013-08-16,0,0,1.25747782312,0,0
2013-08-19,0,0,1.27093283583,0,0
2013-08-20,0,0,1.26114665299,0,0
2013-08-21,0,0,1.25875047435,0,0
2013-08-22,0,0,1.25635884845,0,0
2013-08-23,0,0,1.24781560828,0,0
2013-08-26,0,0,1.2722727942,0,0
2013-08-27,0,0,1.27469011251,0,0
2013-08-28,0,0,1.26857159997,0,0
2013-08-29,0,0,1.26362417073,0,0
2013-08-30,0,0,1.26236054656,0,0
2013-09-02,0,0,1.26362290711,0,0
2013-09-03,0,0,1.28194543926,0,0
2013-09-04,0,0,1.28066349382,0,0
2013-09-05,0,0,1.27579697254,0,0
2013-09-06,0,0,1.28434481226,0,0
2013-09-09,0,0,1.32968218413,0,0
2013-09-10,0,0,1.34922851224,0,0
2013-09-11,0,0,1.35287142922,0,0
2013-09-12,0,0,1.36640014351,0,0
2013-09-13,0,0,1.35656206248,0,0
2013-09-16,0,0,1.34923662734,0,0
2013-09-17,0,0,1.3222518948,0,0
2013-09-18,0,0,1.3259542001,0,0
2013-09-23,0,0,1.34557832226,0,0
2013-09-24,0,0,1.32970049806,0,0
2013-09-25,0,0,1.32238714532,0,0
2013-09-26,0,0,1.30030327999,0,0
2013-09-27,0,0,1.30641470541,0,0
2013-09-30,0,0,1.31255485453,0,0
2013-10-08,0,0,1.32974932312,0,0
2013-10-09,0,0,1.33586617001,0,0
2013-10-10,0,0,1.32237392169,0,0
2013-10-11,0,0,1.34194505573,0,0
2013-10-14,0,0,1.34315280628,0,0
2013-10-15,0,0,1.34073513123,0,0
2013-10-16,0,0,1.31619967833,0,0
2013-10-17,0,0,1.31251431923,0,0
2013-10-18,0,0,1.31868313653,0,0
2013-10-21,0,0,1.34189195973,0,0
2013-10-22,0,0,1.3296807429,0,0
2013-10-23,0,0,1.3162509674,0,0
2013-10-24,0,0,1.30769533611,0,0
2013-10-25,0,0,1.2905645272,0,0
2013-10-28,0,0,1.28940301913,0,0
2013-10-29,0,0,1.29301334758,0,0
2013-10-30,0,0,1.31137413712,0,0
2013-10-31,0,0,1.29419513592,0,0
2013-11-01,0,0,1.3015720482,0,0
2013-11-04,0,0,1.29792764646,0,0
2013-11-05,0,0,1.29909578134,0,0
2013-11-06,0,0,1.28194771703,0,0
2013-11-07,0,0,1.27464061504,0,0
2013-11-08,0,0,1.25870760736,0,0
2013-11-11,0,0,1.26235785942,0,0
2013-11-12,0,0,1.27460273065,0,0
2013-11-13,0,0,1.24770861304,0,0
2013-11-14,0,0,1.25631780247,0,0
2013-11-15,0,0,1.28081599961,0,0
2013-11-18,0,0,1.3224425196,0,0
2013-11-19,0,0,1.31265644496,0,0
2013-11-20,0,0,1.32000732105,0,0
2013-11-21,0,0,1.31142727346,0,0
2013-11-22,0,0,1.30657499255,0,0
2013-11-25,0,0,1.30174066508,0,0
2013-11-26,0,0,1.30174066508,0,0
2013-11-27,0,0,1.31514859393,0,0
2013-11-28,0,0,1.32737947585,0,0
2013-11-29,0,0,1.32737947585,0,0
2013-12-02,0,0,1.31755686773,0,0
2013-12-03,0,0,1.3298101466,0,0
2013-12-04,0,0,1.34576786836,0,0
2013-12-05,0,0,1.3433454862,0,0
2013-12-06,0,0,1.33474807508,0,0
2013-12-09,0,0,1.33474807508,0,0
2013-12-10,0,0,1.33594934835,0,0
2013-12-11,0,0,1.31510853852,0,0
2013-12-12,0,0,1.31392494083,0,0
2013-12-13,0,0,1.31274240839,0,0
2013-12-16,0,0,1.29186980409,0,0
2013-12-17,0,0,1.28696069884,0,0
2013-12-18,0,0,1.28696069884,0,0
2013-12-19,0,0,1.2747345722,0,0
2013-12-20,0,0,1.24656293815,0,0
2013-12-23,0,0,1.24905606403,0,0
2013-12-24,0,0,1.25155417616,0,0
2013-12-25,0,0,1.26006474455,0,0
2013-12-26,0,0,1.24053374101,0,0
2013-12-27,0,0,1.26013417412,0,0
2013-12-30,0,0,1.25773991919,0,0
2013-12-31,0,0,1.27371321617,0,0
2014-01-02,0,0,1.26887310594,0,0
2014-01-03,0,0,1.25301219212,0,0
2014-01-06,0,0,1.22607242999,0,0
2014-01-07,0,0,1.22607242999,0,0
2014-01-08,0,0,1.22729850242,0,0
2014-01-09,0,0,1.2174801144,0,0
2014-01-10,0,0,1.2089577536,0,0
2014-01-13,0,0,1.20279206906,0,0
2014-01-14,0,0,1.21253468481,0,0
2014-01-15,0,0,1.21132215013,0,0
2014-01-16,0,0,1.21253347228,0,0
2014-01-17,0,0,1.19543675032,0,0
2014-01-20,0,0,1.18814458614,0,0
2014-01-21,0,0,1.1991943308,0,0
2014-01-22,0,0,1.2285745919,0,0
2014-01-23,0,0,1.22243171894,0,0
2014-01-24,0,0,1.22854387753,0,0
2014-01-27,0,0,1.213801351,0,0
2014-01-28,0,0,1.21501515236,0,0
2014-01-29,0,0,1.21987521296,0,0
2014-01-30,0,0,1.20645658562,0,0
2014-02-07,0,0,1.21140305762,0,0
2014-02-10,0,0,1.23962874887,0,0
2014-02-11,0,0,1.24942181598,0,0
2014-02-12,0,0,1.25192065961,0,0
2014-02-13,0,0,1.24578624838,0,0
2014-02-14,0,0,1.2543821735,0,0
2014-02-17,0,0,1.26291197228,0,0
2014-02-18,0,0,1.24699928142,0,0
2014-02-19,0,0,1.25921987438,0,0
2014-02-20,0,0,1.24813873949,0,0
2014-02-21,0,0,1.23590697984,0,0
2014-02-24,0,0,1.21020011466,0,0
2014-02-25,0,0,1.18079225187,0,0
2014-02-26,0,0,1.1832719156,0,0
2014-02-27,0,0,1.17842050075,0,0
2014-02-28,0,0,1.19185449446,0,0
2014-03-03,0,0,1.19793295238,0,0
2014-03-04,0,0,1.19421936023,0,0
2014-03-05,0,0,1.18323254211,0,0
2014-03-06,0,0,1.18808379554,0,0
2014-03-07,0,0,1.18558881957,0,0
2014-03-10,0,0,1.14883556616,0,0
2014-03-11,0,0,1.15492439466,0,0
2014-03-12,0,0,1.15862015272,0,0
2014-03-13,0,0,1.17206014649,0,0
2014-03-14,0,0,1.16221484126,0,0
2014-03-17,0,0,1.17325588226,0,0
2014-03-18,0,0,1.16961878902,0,0
2014-03-19,0,0,1.16108057186,0,0
2014-03-20,0,0,1.14273549882,0,0
2014-03-21,0,0,1.18067431739,0,0
2014-03-24,0,0,1.19047391422,0,0
2014-03-25,0,0,1.18928344031,0,0
2014-03-26,0,0,1.18678594508,0,0
2014-03-27,0,0,1.17942787222,0,0
2014-03-28,0,0,1.17695107369,0,0
2014-03-31,0,0,1.17330252536,0,0
2014-04-01,0,0,1.1818676338,0,0
2014-04-02,0,0,1.19167713516,0,0
2014-04-03,0,0,1.18309705978,0,0
2014-04-04,0,0,1.19409986244,0,0
2014-04-08,0,0,1.22108651933,0,0
2014-04-09,0,0,1.22108651933,0,0
2014-04-10,0,0,1.23940281712,0,0
2014-04-11,0,0,1.2381634143,0,0
2014-04-14,0,0,1.23692525089,0,0
2014-04-15,0,0,1.21738183193,0,0
2014-04-16,0,0,1.21859921376,0,0
2014-04-17,0,0,1.21494341612,0,0
2014-04-18,0,0,1.2137284727,0,0
2014-04-21,0,0,1.19418744429,0,0
2014-04-22,0,0,1.19908361281,0,0
2014-04-23,0,0,1.1978845292,0,0
2014-04-24,0,0,1.19668664467,0,0
2014-04-25,0,0,1.18567712754,0,0
2014-04-28,0,0,1.16729913206,0,0
2014-04-29,0,0,1.17955577295,0,0
2014-04-30,0,0,1.17955577295,0,0
2014-05-05,0,0,1.17955577295,0,0
2014-05-06,0,0,1.17955577295,0,0
2014-05-07,0,0,1.16858590426,0,0
2014-05-08,0,0,1.16858590426,0,0
2014-05-09,0,0,1.16741731836,0,0
2014-05-12,0,0,1.19193308204,0,0
2014-05-13,0,0,1.18943002257,0,0
2014-05-14,0,0,1.18824059255,0,0
2014-05-15,0,0,1.1735064092,0,0
2014-05-16,0,0,1.17467991561,0,0
2014-05-19,0,0,1.15870426876,0,0
2014-05-20,0,0,1.15870426876,0,0
2014-05-21,0,0,1.16971195931,0,0
2014-05-22,0,0,1.16854224735,0,0
2014-05-23,0,0,1.17707260576,0,0
2014-05-26,0,0,1.1820163107,0,0
2014-05-27,0,0,1.17717004383,0,0
2014-05-28,0,0,1.18823544224,0,0
2014-05-29,0,0,1.18205661794,0,0
2014-05-30,0,0,1.18205661794,0,0
2014-06-03,0,0,1.17957429904,0,0
2014-06-04,0,0,1.16730672633,0,0
2014-06-05,0,0,1.17956344696,0,0
2014-06-06,0,0,1.17225015359,0,0
2014-06-09,0,0,1.17107790343,0,0
2014-06-10,0,0,1.18583348502,0,0
2014-06-11,0,0,1.18583348502,0,0
2014-06-12,0,0,1.18215740121,0,0
2014-06-13,0,0,1.19445183818,0,0
2014-06-16,0,0,1.20185743958,0,0
2014-06-17,0,0,1.19200220858,0,0
2014-06-18,0,0,1.18711499952,0,0
2014-06-19,0,0,1.17002054353,0,0
2014-06-20,0,0,1.17610465035,0,0
2014-06-23,0,0,1.17610465035,0,0
2014-06-24,0,0,1.18351410965,0,0
2014-06-25,0,0,1.1786617018,0,0
2014-06-26,0,0,1.18726593223,0,0
2014-06-27,0,0,1.18845319816,0,0
2014-06-30,0,0,1.19582160799,0,0
2014-07-01,0,0,1.19582160799,0,0
2014-07-02,0,0,1.19952865497,0,0
2014-07-03,0,0,1.20444672246,0,0
2014-07-04,0,0,1.20444672246,0,0
2014-07-07,0,0,1.20324227573,0,0
2014-07-08,0,0,1.20564876029,0,0
2014-07-09,0,0,1.18852854789,0,0
2014-07-10,0,0,1.18734001934,0,0
2014-07-11,0,0,1.19351418744,0,0
2014-07-14,0,0,1.20700089776,0,0
2014-07-15,0,0,1.20820789866,0,0
2014-07-16,0,0,1.20699969076,0,0
2014-07-17,0,0,1.20084399234,0,0
2014-07-18,0,0,1.2069682967,0,0
2014-07-21,0,0,1.20817526499,0,0
2014-07-22,0,0,1.22291500323,0,0
2014-07-23,0,0,1.22536083323,0,0
2014-07-24,0,0,1.2461919674,0,0
2014-07-25,0,0,1.25965084065,0,0
2014-07-28,0,0,1.29277965775,0,0
2014-07-29,0,0,1.29769222045,0,0
2014-07-30,0,0,1.29405868224,0,0
2014-07-31,0,0,1.30881095121,0,0
2014-08-01,0,0,1.29781693922,0,0
2014-08-04,0,0,1.32234567938,0,0
2014-08-05,0,0,1.31864311147,0,0
2014-08-06,0,0,1.31495091076,0,0
2014-08-07,0,0,1.29654159801,0,0
2014-08-08,0,0,1.29900502705,0,0
2014-08-11,0,0,1.31745089843,0,0
2014-08-12,0,0,1.31257633011,0,0
2014-08-13,0,0,1.3137576488,0,0
2014-08-14,0,0,1.30153970267,0,0
2014-08-15,0,0,1.31507571558,0,0
2014-08-18,0,0,1.32244013959,0,0
2014-08-19,0,0,1.32124994346,0,0
2014-08-20,0,0,1.31755044362,0,0
2014-08-21,0,0,1.31017216113,0,0
2014-08-22,0,0,1.31632997029,0,0
2014-08-25,0,0,1.30408810157,0,0
2014-08-26,0,0,1.29430744081,0,0
2014-08-27,0,0,1.2954723175,0,0
2014-08-28,0,0,1.28692220021,0,0
2014-08-29,0,0,1.30159311329,0,0
2014-09-01,0,0,1.31018362784,0,0
2014-09-02,0,0,1.32734703336,0,0
2014-09-03,0,0,1.33955862607,0,0
2014-09-04,0,0,1.34813180128,0,0
2014-09-05,0,0,1.36039980067,0,0
2014-09-09,0,0,1.35795108103,0,0
2014-09-10,0,0,1.35061814519,0,0
2014-09-11,0,0,1.3469714762,0,0
2014-09-12,0,0,1.35437981931,0,0
2014-09-15,0,0,1.35437981931,0,0
2014-09-16,0,0,1.32864660275,0,0
2014-09-17,0,0,1.33475837712,0,0
2014-09-18,0,0,1.33969698312,0,0
2014-09-19,0,0,1.34827104381,0,0
2014-09-22,0,0,1.32373251081,0,0
2014-09-23,0,0,1.33471949065,0,0
2014-09-24,0,0,1.35674236225,0,0
2014-09-25,0,0,1.35307915787,0,0
2014-09-26,0,0,1.35307915787,0,0
2014-09-29,0,0,1.35795024284,0,0
2014-09-30,0,0,1.36039455327,0,0
2014-10-08,0,0,1.37386245935,0,0
2014-10-09,0,0,1.37633541178,0,0
2014-10-10,0,0,1.36780213222,0,0
2014-10-13,0,0,1.36164702263,0,0
2014-10-14,0,0,1.35674509335,0,0
2014-10-15,0,0,1.36651365802,0,0
2014-10-16,0,0,1.35544489739,0,0
2014-10-17,0,0,1.35422499698,0,0
2014-10-20,0,0,1.36031900947,0,0
2014-10-21,0,0,1.34930042549,0,0
2014-10-22,0,0,1.34187927315,0,0
2014-10-23,0,0,1.32966817177,0,0
2014-10-24,0,0,1.32727476906,0,0
2014-10-27,0,0,1.31506384118,0,0
2014-10-28,0,0,1.34083909247,0,0
2014-10-29,0,0,1.35920858804,0,0
2014-10-30,0,0,1.36777160214,0,0
2014-10-31,0,0,1.38979272494,0,0
2014-11-03,0,0,1.39104353839,0,0
2014-11-04,0,0,1.39229547757,0,0
2014-11-05,0,0,1.3874224434,0,0
2014-11-06,0,0,1.3886711236,0,0
2014-11-07,0,0,1.38617151558,0,0
2014-11-10,0,0,1.42054856916,0,0
2014-11-11,0,0,1.4181336366,0,0
2014-11-12,0,0,1.43656937387,0,0
2014-11-13,0,0,1.42794995763,0,0
2014-11-14,0,0,1.42923511259,0,0
2014-11-17,0,0,1.42065970191,0,0
2014-11-18,0,0,1.40716343475,0,0
2014-11-19,0,0,1.40477125691,0,0
2014-11-20,0,0,1.40477125691,0,0
2014-11-21,0,0,1.4293547539,0,0
2014-11-24,0,0,1.463659268,0,0
2014-11-25,0,0,1.48210137477,0,0
2014-11-26,0,0,1.50047943182,0,0
2014-11-27,0,0,1.5163845138,0,0
2014-11-28,0,0,1.54580237337,0,0
2014-12-01,0,0,1.55074894096,0,0
2014-12-02,0,0,1.60595560326,0,0
2014-12-03,0,0,1.62924195951,0,0
2014-12-04,0,0,1.70027690894,0,0
2014-12-05,0,0,1.70520771198,0,0
2014-12-08,0,0,1.7713697712,0,0
2014-12-09,0,0,1.69661796686,0,0
2014-12-10,0,0,1.75549061031,0,0
2014-12-11,0,0,1.73460027204,0,0
2014-12-12,0,0,1.740671373,0,0
2014-12-15,0,0,1.75041913268,0,0
2014-12-16,0,0,1.79575498822,0,0
2014-12-17,0,0,1.82753985151,0,0
2014-12-18,0,0,1.82132621602,0,0
2014-12-19,0,0,1.84099653915,0,0
2014-12-22,0,0,1.84596722981,0,0
2014-12-23,0,0,1.80923248193,0,0
2014-12-24,0,0,1.76020228167,0,0
2014-12-25,0,0,1.81406447149,0,0
2014-12-26,0,0,1.87175172169,0,0
2014-12-29,0,0,1.87792850237,0,0
2014-12-30,0,0,1.88036980942,0,0
2014-12-31,0,0,1.91835327957,0,0
2015-01-05,0,0,1.97225900673,0,0
2015-01-06,0,0,1.96989229592,0,0
2015-01-07,0,0,1.9710742313,0,0
2015-01-08,0,0,1.92810481305,0,0
2015-01-09,0,0,1.92193487765,0,0
2015-01-12,0,0,1.90348430283,0,0
2015-01-13,0,0,1.90348430283,0,0
2015-01-14,0,0,1.89739315306,0,0
2015-01-15,0,0,1.95014068271,0,0
2015-01-16,0,0,1.96613183631,0,0
2015-01-19,0,0,1.82280082544,0,0
2015-01-20,0,0,1.84485671543,0,0
2015-01-21,0,0,1.92695283927,0,0
2015-01-22,0,0,1.93793647045,0,0
2015-01-23,0,0,1.93909923233,0,0
2015-01-26,0,0,1.9563572155,0,0
2015-01-27,0,0,1.93796745768,0,0
2015-01-28,0,0,1.91219249049,0,0
2015-01-29,0,0,1.88886374211,0,0
2015-01-30,0,0,1.86317519521,0,0
2015-02-02,0,0,1.82032216572,0,0
2015-02-03,0,0,1.86564818765,0,0
2015-02-04,0,0,1.84605888168,0,0
2015-02-05,0,0,1.82889053408,0,0
2015-02-06,0,0,1.79944539648,0,0
2015-02-09,0,0,1.81779973952,0,0
2015-02-10,0,0,1.84961123497,0,0
2015-02-11,0,0,1.86311339698,0,0
2015-02-12,0,0,1.86683962378,0,0
2015-02-13,0,0,1.87916076529,0,0
2015-02-16,0,0,1.89381821926,0,0
2015-02-17,0,0,1.90612803769,0,0
2015-02-25,0,0,1.88287327563,0,0
2015-02-26,0,0,1.92938024554,0,0
2015-02-27,0,0,1.93188843985,0,0
2015-03-02,0,0,1.946570792,0,0
2015-03-03,0,0,1.89751720804,0,0
2015-03-04,0,0,1.90985106989,0,0
2015-03-05,0,0,1.89017960387,0,0
2015-03-06,0,0,1.88035066993,0,0
2015-03-09,0,0,1.91100038585,0,0
2015-03-10,0,0,1.90240088411,0,0
2015-03-11,0,0,1.90601544579,0,0
2015-03-12,0,0,1.9428015439,0,0
2015-03-13,0,0,1.95620687455,0,0
2015-03-16,0,0,2.00276459817,0,0
2015-03-17,0,0,2.031003579,0,0
2015-03-18,0,0,2.07751356096,0,0
2015-03-19,0,0,2.07377403655,0,0
2015-03-20,0,0,2.10197736345,0,0
2015-03-23,0,0,2.14359651524,0,0
2015-03-24,0,0,2.14359651524,0,0
2015-03-25,0,0,2.12644774312,0,0
2015-03-26,0,0,2.13133857293,0,0
2015-03-27,0,0,2.14242153351,0,0
2015-03-30,0,0,2.20369478937,0,0
2015-03-31,0,0,2.18540412262,0,0
2015-04-01,0,0,2.22343015435,0,0
2015-04-02,0,0,2.22476421244,0,0
2015-04-03,0,0,2.25057147731,0,0
2015-04-07,0,0,2.29715830689,0,0
2015-04-08,0,0,2.31438699419,0,0
2015-04-09,0,0,2.29471470474,0,0
2015-04-10,0,0,2.34611631412,0,0
2015-04-13,0,0,2.38412339841,0,0
2015-04-14,0,0,2.39389830435,0,0
2015-04-15,0,0,2.36565030435,0,0
2015-04-16,0,0,2.43425416318,0,0
2015-04-17,0,0,2.47709703645,0,0
2015-04-20,0,0,2.43672035476,0,0
2015-04-21,0,0,2.48691679407,0,0
2015-04-22,0,0,2.55182532239,0,0
2015-04-23,0,0,2.55182532239,0,0
2015-04-24,0,0,2.52987962462,0,0
2015-04-27,0,0,2.581236181,0,0
2015-04-28,0,0,2.54458262723,0,0
2015-04-29,0,0,2.56163133083,0,0
2015-04-30,0,0,2.54933550044,0,0
2015-05-04,0,0,2.5689653838,0,0
2015-05-05,0,0,2.46851883729,0,0
2015-05-06,0,0,2.44531476022,0,0
2015-05-07,0,0,2.40129909454,0,0
2015-05-08,0,0,2.44908494652,0,0
2015-05-11,0,0,2.51765932502,0,0
2015-05-12,0,0,2.54837476878,0,0
2015-05-13,0,0,2.53232000774,0,0
2015-05-14,0,0,2.52244395971,0,0
2015-05-15,0,0,2.47703996844,0,0
2015-05-18,0,0,2.45375579273,0,0
2015-05-19,0,0,2.53841036758,0,0
2015-05-20,0,0,2.55313314771,0,0
2015-05-21,0,0,2.60700425713,0,0
2015-05-22,0,0,2.6695723593,0,0
2015-05-25,0,0,2.75179518797,0,0
2015-05-26,0,0,2.82031488815,0,0
2015-05-27,0,0,2.81298206944,0,0
2015-05-28,0,0,2.61804241203,0,0
2015-05-29,0,0,2.62406390958,0,0
2015-06-01,0,0,2.75631673062,0,0
2015-06-02,0,0,2.80537916842,0,0
2015-06-03,0,0,2.79556034133,0,0
2015-06-04,0,0,2.81401103959,0,0
2015-06-05,0,0,2.84215114998,0,0
2015-06-08,0,0,2.89615202183,0,0
2015-06-09,0,0,2.85560589353,0,0
2015-06-10,0,0,2.8481813182,0,0
2015-06-11,0,0,2.84704204568,0,0
2015-06-12,0,0,2.86042314329,0,0
2015-06-15,0,0,2.79777987645,0,0
2015-06-16,0,0,2.71188803425,0,0
2015-06-17,0,0,2.75121041074,0,0
2015-06-18,0,0,2.64088687327,0,0
2015-06-19,0,0,2.49378947443,0,0
2015-06-23,0,0,2.57334135866,0,0
2015-06-24,0,0,2.62223484448,0,0
2015-06-25,0,0,2.53045662492,0,0
2015-06-26,0,0,2.33940714974,0,0
2015-06-29,0,0,2.2622067138,0,0
2015-06-30,0,0,2.41038125355,0,0
2015-07-01,0,0,2.29637022026,0,0
2015-07-02,0,0,2.20933778891,0,0
2015-07-03,0,0,2.08671954163,0,0
2015-07-06,0,0,2.1455650327,0,0
2015-07-07,0,0,2.10758853162,0,0
2015-07-08,0,0,1.97776107807,0,0
2015-07-09,0,0,2.1076999809,0,0
2015-07-10,0,0,2.21793268991,0,0
2015-07-13,0,0,2.27670790619,0,0
2015-07-14,0,0,2.22161157486,0,0
2015-07-15,0,0,2.13585736807,0,0
2015-07-16,0,0,2.15294422701,0,0
2015-07-17,0,0,2.24616671204,0,0
2015-07-20,0,0,2.25357906219,0,0
2015-07-21,0,0,2.25966372566,0,0
2015-07-22,0,0,2.2560482637,0,0
2015-07-23,0,0,2.30883979307,0,0
2015-07-24,0,0,2.26843509669,0,0
2015-07-27,0,0,2.06745174712,0,0
2015-07-28,0,0,2.06248986293,0,0
2015-07-29,0,0,2.12993328145,0,0
2015-07-30,0,0,2.06624827633,0,0
2015-07-31,0,0,2.06624827633,0,0
2015-08-03,0,0,2.0712072722,0,0
2015-08-04,0,0,2.13748590491,0,0
2015-08-05,0,0,2.09452243822,0,0
2015-08-06,0,0,2.0748339273,0,0
2015-08-07,0,0,2.11778298959,0,0
2015-08-10,0,0,2.21710701181,0,0
2015-08-11,0,0,2.20846029446,0,0
2015-08-12,0,0,2.18019200269,0,0
2015-08-13,0,0,2.21333092113,0,0
2015-08-14,0,0,2.21465891968,0,0
2015-08-17,0,0,2.2170950445,0,0
2015-08-18,0,0,2.07497925214,0,0
2015-08-19,0,0,2.1092164098,0,0
2015-08-20,0,0,2.03940134664,0,0
2015-08-21,0,0,1.94252978267,0,0
2015-08-24,0,0,1.76595382543,0,0
2015-08-25,0,0,1.63121154855,0,0
2015-08-26,0,0,1.61522567537,0,0
2015-08-27,0,0,1.71569271238,0,0
2015-08-28,0,0,1.79289888444,0,0
2015-08-31,0,0,1.80401485752,0,0
2015-09-01,0,0,1.79535558621,0,0
2015-09-02,0,0,1.7940988373,0,0
2015-09-07,0,0,1.73525239543,0,0
2015-09-08,0,0,1.7855747149,0,0
2015-09-09,0,0,1.82360745633,0,0
2015-09-10,0,0,1.80026528089,0,0
2015-09-11,0,0,1.79540456463,0,0
2015-09-14,0,0,1.75626474512,0,0
2015-09-15,0,0,1.68144786698,0,0
2015-09-16,0,0,1.76972387999,0,0
2015-09-17,0,0,1.73043600986,0,0
2015-09-18,0,0,1.74151080032,0,0
2015-09-21,0,0,1.77581856309,0,0
2015-09-22,0,0,1.79304400315,0,0
2015-09-23,0,0,1.75377633948,0,0
2015-09-24,0,0,1.76728041729,0,0
2015-09-25,0,0,1.73794356237,0,0
2015-09-28,0,0,1.74524292533,0,0
2015-09-29,0,0,1.7108616397,0,0
2015-09-30,0,0,1.72437744665,0,0
2015-10-08,0,0,1.77455683035,0,0
2015-10-09,0,0,1.79780352483,0,0
2015-10-12,0,0,1.85785016256,0,0
2015-10-13,0,0,1.85654966744,0,0
2015-10-14,0,0,1.8344567264,0,0
2015-10-15,0,0,1.87848368784,0,0
2015-10-16,0,0,1.90421891436,0,0
2015-10-19,0,0,1.90421891436,0,0
2015-10-20,0,0,1.92878333835,0,0
2015-10-21,0,0,1.86995544653,0,0
2015-10-22,0,0,1.89819177378,0,0
2015-10-23,0,0,1.92761374627,0,0
2015-10-26,0,0,1.93744457638,0,0
2015-10-27,0,0,1.93996325433,0,0
2015-10-28,0,0,1.90193997454,0,0
2015-10-29,0,0,1.90688501847,0,0
2015-10-30,0,0,1.90802914949,0,0
2015-11-02,0,0,1.87616506269,0,0
2015-11-03,0,0,1.86997371798,0,0
2015-11-04,0,0,1.95823647747,0,0
2015-11-05,0,0,1.99740120702,0,0
2015-11-06,0,0,2.04394065514,0,0
2015-11-09,0.0,0.0,2.00186724447,0.0,0
2015-11-10,0.0,0.0,1.99706276309,0.0,0
2015-11-11,0.0,0.0,1.99826100074,0.0,0
2015-11-12,0.0,0.0,1.97927752124,0.0,0
2015-11-13,0.0,0.0,1.95433862447,0.0,0
2015-11-16,0.0,0.0,1.97095050278,0.0,0
2015-11-17,0.0,0.0,1.96858536217,0.0,0
2015-11-18,0.0,0.0,1.94317929145,0.0,0
2015-11-19,0.0,0.0,1.9835502394,0.0,0
2015-11-20,0.0,0.0,1.97879252921,0.0,0
