2011-08-22,0,0,0.9482,0,0
2011-08-23,0,0,0.96014732,0,0
2011-08-24,0,0,0.962643703032,0,0
2011-08-25,0,0,0.97775720917,0,0
2011-08-26,0,0,0.979614947867,0,0
2011-08-29,0,0,0.973149489211,0,0
2011-08-30,0,0,0.964975033502,0,0
2011-08-31,0,0,0.958027213261,0,0
2011-09-01,0,0,0.95294966903,0,0
2011-09-02,0,0,0.944468416976,0,0
2011-09-05,0,0,0.925579048636,0,0
2011-09-06,0,0,0.915953026531,0,0
2011-09-07,0,0,0.93491325418,0,0
2011-09-08,0,0,0.928742826702,0,0
2011-09-09,0,0,0.922241626915,0,0
2011-09-13,0,0,0.907116864234,0,0
2011-09-14,0,0,0.915190204325,0,0
2011-09-15,0,0,0.91830185102,0,0
2011-09-16,0,0,0.918026360465,0,0
2011-09-19,0,0,0.900859267524,0,0
2011-09-20,0,0,0.902751071986,0,0
2011-09-21,0,0,0.926493425179,0,0
2011-09-22,0,0,0.903145790865,0,0
2011-09-23,0,0,0.894565905851,0,0
2011-09-26,0,0,0.880879047492,0,0
2011-09-27,0,0,0.882816981396,0,0
2011-09-28,0,0,0.870898952148,0,0
2011-09-29,0,0,0.849213568239,0,0
2011-09-30,0,0,0.847939747887,0,0
2011-10-10,0,0,0.843276079273,0,0
2011-10-11,0,0,0.84015595778,0,0
2011-10-12,0,0,0.867377010812,0,0
2011-10-13,0,0,0.878479436551,0,0
2011-10-14,0,0,0.874701974973,0,0
2011-10-17,0,0,0.879687776231,0,0
2011-10-18,0,0,0.858751207156,0,0
2011-10-19,0,0,0.852568198465,0,0
2011-10-20,0,0,0.829463600287,0,0
2011-10-21,0,0,0.814533255481,0,0
2011-10-24,0,0,0.826669800988,0,0
2011-10-25,0,0,0.848411216754,0,0
2011-10-26,0,0,0.855453029853,0,0
2011-10-27,0,0,0.855025303338,0,0
2011-10-28,0,0,0.871612794223,0,0
2011-10-31,0,0,0.875970858194,0,0
2011-11-01,0,0,0.877284814481,0,0
2011-11-02,0,0,0.893426855068,0,0
2011-11-03,0,0,0.898698073513,0,0
2011-11-04,0,0,0.903910522339,0,0
2011-11-07,0,0,0.899210187623,0,0
2011-11-08,0,0,0.888599507409,0,0
2011-11-09,0,0,0.902639379626,0,0
2011-11-10,0,0,0.893522721892,0,0
2011-11-11,0,0,0.892450494625,0,0
2011-11-14,0,0,0.912976856002,0,0
2011-11-15,0,0,0.916720061111,0,0
2011-11-16,0,0,0.894627107639,0,0
2011-11-17,0,0,0.893911405953,0,0
2011-11-18,0,0,0.869060668867,0,0
2011-11-21,0,0,0.870798790205,0,0
2011-11-22,0,0,0.868186393834,0,0
2011-11-23,0,0,0.865755471931,0,0
2011-11-24,0,0,0.865149443101,0,0
2011-11-25,0,0,0.86091021083,0,0
2011-11-28,0,0,0.861598938999,0,0
2011-11-29,0,0,0.873575164251,0,0
2011-11-30,0,0,0.841777028272,0,0
2011-12-01,0,0,0.857097370187,0,0
2011-12-02,0,0,0.839526874098,0,0
2011-12-05,0,0,0.810227386192,0,0
2011-12-06,0,0,0.810713522623,0,0
2011-12-07,0,0,0.813551019953,0,0
2011-12-08,0,0,0.814689991381,0,0
2011-12-09,0,0,0.806298684469,0,0
2011-12-12,0,0,0.796784359993,0,0
2011-12-13,0,0,0.775271182273,0,0
2011-12-14,0,0,0.763099424711,0,0
2011-12-15,0,0,0.750431974261,0,0
2011-12-16,0,0,0.76941790321,0,0
2011-12-19,0,0,0.770187321113,0,0
2011-12-20,0,0,0.767260609293,0,0
2011-12-21,0,0,0.750073971644,0,0
2011-12-22,0,0,0.743248298503,0,0
2011-12-23,0,0,0.747038864825,0,0
2011-12-26,0,0,0.740240811155,0,0
2011-12-27,0,0,0.722845152093,0,0
2011-12-28,0,0,0.718869503756,0,0
2011-12-29,0,0,0.720666677516,0,0
2011-12-30,0,0,0.73464761106,0,0
2011-12-31,0,0,0.73464761106,0,0
2012-01-04,0,0,0.71672220935,0,0
2012-01-05,0,0,0.689200076511,0,0
2012-01-06,0,0,0.690578476664,0,0
2012-01-09,0,0,0.712815103612,0,0
2012-01-10,0,0,0.739117980936,0,0
2012-01-11,0,0,0.738009303964,0,0
2012-01-12,0,0,0.7354262714,0,0
2012-01-13,0,0,0.709098010884,0,0
2012-01-16,0,0,0.683925031498,0,0
2012-01-17,0,0,0.716343077991,0,0
2012-01-18,0,0,0.697001814885,0,0
2012-01-19,0,0,0.703623332126,0,0
2012-01-20,0,0,0.715936740439,0,0
2012-01-30,0,0,0.713216180825,0,0
2012-01-31,0,0,0.712716929498,0,0
2012-02-01,0,0,0.709794790087,0,0
2012-02-02,0,0,0.722216198914,0,0
2012-02-03,0,0,0.734999425635,0,0
2012-02-06,0,0,0.742569919719,0,0
2012-02-07,0,0,0.730763057995,0,0
2012-02-08,0,0,0.748959058139,0,0
2012-02-09,0,0,0.754426459264,0,0
2012-02-10,0,0,0.75782137833,0,0
2012-02-13,0,0,0.767218363422,0,0
2012-02-14,0,0,0.767295085258,0,0
2012-02-15,0,0,0.777116462349,0,0
2012-02-16,0,0,0.775018247901,0,0
2012-02-17,0,0,0.772693193157,0,0
2012-02-20,0,0,0.774470387502,0,0
2012-02-21,0,0,0.783996373268,0,0
2012-02-22,0,0,0.80093069493,0,0
2012-02-23,0,0,0.80421451078,0,0
2012-02-24,0,0,0.810809069768,0,0
2012-02-27,0,0,0.812349607001,0,0
2012-02-28,0,0,0.805444635341,0,0
2012-02-29,0,0,0.794973855082,0,0
2012-03-01,0,0,0.798710232201,0,0
2012-03-02,0,0,0.81308701638,0,0
2012-03-05,0,0,0.813005707679,0,0
2012-03-06,0,0,0.807477268866,0,0
2012-03-07,0,0,0.806185305236,0,0
2012-03-08,0,0,0.816423858613,0,0
2012-03-09,0,0,0.829813209894,0,0
2012-03-12,0,0,0.834709107832,0,0
2012-03-13,0,0,0.842304960713,0,0
2012-03-14,0,0,0.810718524687,0,0
2012-03-15,0,0,0.806746003916,0,0
2012-03-16,0,0,0.827237352415,0,0
2012-03-19,0,0,0.834434317381,0,0
2012-03-20,0,0,0.814741667491,0,0
2012-03-21,0,0,0.815149038325,0,0
2012-03-22,0,0,0.812459046498,0,0
2012-03-23,0,0,0.799053472231,0,0
2012-03-26,0,0,0.799852525703,0,0
2012-03-27,0,0,0.796253189338,0,0
2012-03-28,0,0,0.763845684532,0,0
2012-03-29,0,0,0.751318615305,0,0
2012-03-30,0,0,0.747937681536,0,0
2012-03-31,0,0,0.747937681536,0,0
2012-04-05,0,0,0.770226224446,0,0
2012-04-06,0,0,0.774462468681,0,0
2012-04-09,0,0,0.764781687822,0,0
2012-04-10,0,0,0.770976419494,0,0
2012-04-11,0,0,0.772441274691,0,0
2012-04-12,0,0,0.786422461762,0,0
2012-04-13,0,0,0.790197289579,0,0
2012-04-16,0,0,0.788695914729,0,0
2012-04-17,0,0,0.780493477216,0,0
2012-04-18,0,0,0.79610334676,0,0
2012-04-19,0,0,0.794431529732,0,0
2012-04-20,0,0,0.798324244227,0,0
2012-04-23,0,0,0.78339558086,0,0
2012-04-24,0,0,0.7760316624,0,0
2012-04-25,0,0,0.781308677705,0,0
2012-04-26,0,0,0.780605499895,0,0
2012-04-27,0,0,0.776390230195,0,0
2012-05-02,0,0,0.786560942211,0,0
2012-05-03,0,0,0.790336434733,0,0
2012-05-04,0,0,0.798239799081,0,0
2012-05-07,0,0,0.808058148609,0,0
2012-05-08,0,0,0.808623789313,0,0
2012-05-09,0,0,0.7960092582,0,0
2012-05-10,0,0,0.79791968042,0,0
2012-05-11,0,0,0.792493826593,0,0
2012-05-14,0,0,0.789323851287,0,0
2012-05-15,0,0,0.788060933124,0,0
2012-05-16,0,0,0.77797375318,0,0
2012-05-17,0,0,0.786609261841,0,0
2012-05-18,0,0,0.775990036806,0,0
2012-05-21,0,0,0.776610828835,0,0
2012-05-22,0,0,0.786240803113,0,0
2012-05-23,0,0,0.784117952945,0,0
2012-05-24,0,0,0.778080244707,0,0
2012-05-25,0,0,0.768509857697,0,0
2012-05-28,0,0,0.777578274018,0,0
2012-05-29,0,0,0.790408315539,0,0
2012-05-30,0,0,0.792700499654,0,0
2012-05-31,0,0,0.797932322952,0,0
2012-06-01,0,0,0.795059766589,0,0
2012-06-04,0,0,0.774785742541,0,0
2012-06-05,0,0,0.774475828244,0,0
2012-06-06,0,0,0.773469009667,0,0
2012-06-07,0,0,0.768441461105,0,0
2012-06-08,0,0,0.765137162822,0,0
2012-06-11,0,0,0.777608898576,0,0
2012-06-12,0,0,0.776286963448,0,0
2012-06-13,0,0,0.789483841827,0,0
2012-06-14,0,0,0.785220629081,0,0
2012-06-15,0,0,0.785848805584,0,0
2012-06-18,0,0,0.792764275073,0,0
2012-06-19,0,0,0.789196835836,0,0
2012-06-20,0,0,0.78730276343,0,0
2012-06-21,0,0,0.77588687336,0,0
2012-06-25,0,0,0.75928289427,0,0
2012-06-26,0,0,0.757688400192,0,0
2012-06-27,0,0,0.757764169032,0,0
2012-06-28,0,0,0.74973186884,0,0
2012-06-29,0,0,0.759253463575,0,0
2012-06-30,0,0,0.759253463575,0,0
2012-07-02,0,0,0.77018671345,0,0
2012-07-03,0,0,0.773267460304,0,0
2012-07-04,0,0,0.76847320205,0,0
2012-07-05,0,0,0.755332310295,0,0
2012-07-06,0,0,0.771043222349,0,0
2012-07-09,0,0,0.75832100918,0,0
2012-07-10,0,0,0.751799448501,0,0
2012-07-11,0,0,0.756610964972,0,0
2012-07-12,0,0,0.767581823964,0,0
2012-07-13,0,0,0.763513640297,0,0
2012-07-16,0,0,0.73457647333,0,0
2012-07-17,0,0,0.736706745102,0,0
2012-07-18,0,0,0.738695853314,0,0
2012-07-19,0,0,0.744088333043,0,0
2012-07-20,0,0,0.738061217546,0,0
2012-07-23,0,0,0.730828217614,0,0
2012-07-24,0,0,0.737844168503,0,0
2012-07-25,0,0,0.73415494766,0,0
2012-07-26,0,0,0.728134877089,0,0
2012-07-27,0,0,0.723256373413,0,0
2012-07-30,0,0,0.711828922713,0,0
2012-07-31,0,0,0.702503963825,0,0
2012-08-01,0,0,0.712479520112,0,0
2012-08-02,0,0,0.707705907327,0,0
2012-08-03,0,0,0.720727696022,0,0
2012-08-06,0,0,0.73744857857,0,0
2012-08-07,0,0,0.745265533502,0,0
2012-08-08,0,0,0.742433524475,0,0
2012-08-09,0,0,0.753941244104,0,0
2012-08-10,0,0,0.753413485234,0,0
2012-08-13,0,0,0.739399994408,0,0
2012-08-14,0,0,0.739991514404,0,0
2012-08-15,0,0,0.737475543255,0,0
2012-08-16,0,0,0.730764515811,0,0
2012-08-17,0,0,0.727695304845,0,0
2012-08-20,0,0,0.728859617332,0,0
2012-08-21,0,0,0.738772108128,0,0
2012-08-22,0,0,0.733674580582,0,0
2012-08-23,0,0,0.736682646363,0,0
2012-08-24,0,0,0.724601050962,0,0
2012-08-27,0,0,0.710181490048,0,0
2012-08-28,0,0,0.712383052667,0,0
2012-08-29,0,0,0.71188438453,0,0
2012-08-30,0,0,0.699284030924,0,0
2012-08-31,0,0,0.700962312598,0,0
2012-09-03,0,0,0.715682521163,0,0
2012-09-04,0,0,0.710386470506,0,0
2012-09-05,0,0,0.715785407682,0,0
2012-09-06,0,0,0.723802204248,0,0
2012-09-07,0,0,0.747036255005,0,0
2012-09-10,0,0,0.754058395802,0,0
2012-09-11,0,0,0.752776496529,0,0
2012-09-12,0,0,0.755712324865,0,0
2012-09-13,0,0,0.745434637247,0,0
2012-09-14,0,0,0.745360093783,0,0
2012-09-17,0,0,0.726949699467,0,0
2012-09-18,0,0,0.724114595639,0,0
2012-09-19,0,0,0.730052335323,0,0
2012-09-20,0,0,0.710048901335,0,0
2012-09-21,0,0,0.702948412322,0,0
2012-09-24,0,0,0.709274948033,0,0
2012-09-25,0,0,0.70480651586,0,0
2012-09-26,0,0,0.68880740795,0,0
2012-09-27,0,0,0.704443336111,0,0
2012-09-28,0,0,0.718743535834,0,0
2012-09-30,0,0,0.718743535834,0,0
2012-10-08,0,0,0.715006069447,0,0
2012-10-09,0,0,0.733238724218,0,0
2012-10-10,0,0,0.741231026312,0,0
2012-10-11,0,0,0.731224407457,0,0
2012-10-12,0,0,0.727422040538,0,0
2012-10-15,0,0,0.721311695398,0,0
2012-10-16,0,0,0.724341204518,0,0
2012-10-17,0,0,0.725934755168,0,0
2012-10-18,0,0,0.737840085153,0,0
2012-10-19,0,0,0.735626564898,0,0
2012-10-22,0,0,0.738642633814,0,0
2012-10-23,0,0,0.729557329418,0,0
2012-10-24,0,0,0.725179985441,0,0
2012-10-25,0,0,0.718653365572,0,0
2012-10-26,0,0,0.705573874319,0,0
2012-10-29,0,0,0.706279448193,0,0
2012-10-30,0,0,0.704584377518,0,0
2012-10-31,0,0,0.707402715028,0,0
2012-11-01,0,0,0.718508937654,0,0
2012-11-02,0,0,0.717718577822,0,0
2012-11-05,0,0,0.713196950782,0,0
2012-11-06,0,0,0.708489850907,0,0
2012-11-07,0,0,0.707781361056,0,0
2012-11-08,0,0,0.690794608391,0,0
2012-11-09,0,0,0.68747879427,0,0
2012-11-12,0,0,0.688097525185,0,0
2012-11-13,0,0,0.675711769732,0,0
2012-11-14,0,0,0.677198335625,0,0
2012-11-15,0,0,0.667717558926,0,0
2012-11-16,0,0,0.663043536014,0,0
2012-11-19,0,0,0.663441362136,0,0
2012-11-20,0,0,0.661517382185,0,0
2012-11-21,0,0,0.666611066028,0,0
2012-11-22,0,0,0.658878377662,0,0
2012-11-23,0,0,0.660591461444,0,0
2012-11-26,0,0,0.651012885253,0,0
2012-11-27,0,0,0.631677802561,0,0
2012-11-28,0,0,0.620181266555,0,0
2012-11-29,0,0,0.615405870802,0,0
2012-11-30,0,0,0.622913822426,0,0
2012-12-03,0,0,0.60802618207,0,0
2012-12-04,0,0,0.615018483164,0,0
2012-12-05,0,0,0.637220650406,0,0
2012-12-06,0,0,0.63499037813,0,0
2012-12-07,0,0,0.64718219339,0,0
2012-12-10,0,0,0.657601826703,0,0
2012-12-11,0,0,0.65332741483,0,0
2012-12-12,0,0,0.652347423707,0,0
2012-12-13,0,0,0.645236836789,0,0
2012-12-14,0,0,0.670078455005,0,0
2012-12-17,0,0,0.669877431469,0,0
2012-12-18,0,0,0.667800811431,0,0
2012-12-19,0,0,0.672074736624,0,0
2012-12-20,0,0,0.673687715992,0,0
2012-12-21,0,0,0.675304566511,0,0
2012-12-24,0,0,0.680436881216,0,0
2012-12-25,0,0,0.694658012034,0,0
2012-12-26,0,0,0.705286279618,0,0
2012-12-27,0,0,0.700490332916,0,0
2012-12-28,0,0,0.707565285279,0,0
2012-12-31,0,0,0.714074885903,0,0
2013-01-04,0,0,0.706434284624,0,0
2013-01-07,0,0,0.712862836614,0,0
2013-01-08,0,0,0.723199347745,0,0
2013-01-09,0,0,0.728623342853,0,0
2013-01-10,0,0,0.733140807579,0,0
2013-01-11,0,0,0.721337240577,0,0
2013-01-14,0,0,0.749252991787,0,0
2013-01-15,0,0,0.764387902221,0,0
2013-01-16,0,0,0.764922973753,0,0
2013-01-17,0,0,0.755820390365,0,0
2013-01-18,0,0,0.766099547674,0,0
2013-01-21,0,0,0.767401916905,0,0
2013-01-22,0,0,0.75535370681,0,0
2013-01-23,0,0,0.755127100698,0,0
2013-01-24,0,0,0.738816355323,0,0
2013-01-25,0,0,0.737634249154,0,0
2013-01-28,0,0,0.753272095236,0,0
2013-01-29,0,0,0.760503507351,0,0
2013-01-30,0,0,0.75943880244,0,0
2013-01-31,0,0,0.753667067542,0,0
2013-02-01,0,0,0.757284669466,0,0
2013-02-04,0,0,0.749105995036,0,0
2013-02-05,0,0,0.756297412588,0,0
2013-02-06,0,0,0.761515864735,0,0
2013-02-07,0,0,0.77004484242,0,0
2013-02-08,0,0,0.781133488151,0,0
2013-02-18,0,0,0.783008208522,0,0
2013-02-19,0,0,0.770166873903,0,0
2013-02-20,0,0,0.787110545128,0,0
2013-02-21,0,0,0.774595487461,0,0
2013-02-22,0,0,0.773665972876,0,0
2013-02-25,0,0,0.782176298578,0,0
2013-02-26,0,0,0.771304048027,0,0
2013-02-27,0,0,0.769298657502,0,0
2013-02-28,0,0,0.782607524277,0,0
2013-03-01,0,0,0.792624900588,0,0
2013-03-04,0,0,0.770986240802,0,0
2013-03-05,0,0,0.789721206453,0,0
2013-03-06,0,0,0.803620299687,0,0
2013-03-07,0,0,0.791244547072,0,0
2013-03-08,0,0,0.783411226056,0,0
2013-03-11,0,0,0.785683118611,0,0
2013-03-12,0,0,0.765255357527,0,0
2013-03-13,0,0,0.759745518953,0,0
2013-03-14,0,0,0.76643127952,0,0
2013-03-15,0,0,0.768807216487,0,0
2013-03-18,0,0,0.757967034734,0,0
2013-03-19,0,0,0.758800798472,0,0
2013-03-20,0,0,0.778226098913,0,0
2013-03-21,0,0,0.787253521661,0,0
2013-03-22,0,0,0.789930183634,0,0
2013-03-25,0,0,0.790404141744,0,0
2013-03-26,0,0,0.787795808077,0,0
2013-03-27,0,0,0.7881109264,0,0
2013-03-28,0,0,0.772269896779,0,0
2013-03-29,0,0,0.773273847645,0,0
2013-04-01,0,0,0.774743067956,0,0
2013-04-02,0,0,0.758241040608,0,0
2013-04-03,0,0,0.751416871243,0,0
2013-04-08,0,0,0.760433873698,0,0
2013-04-09,0,0,0.766669431462,0,0
2013-04-10,0,0,0.762682750418,0,0
2013-04-11,0,0,0.759174409766,0,0
2013-04-12,0,0,0.755150785395,0,0
2013-04-15,0,0,0.745333825185,0,0
2013-04-16,0,0,0.753234363731,0,0
2013-04-17,0,0,0.764608202624,0,0
2013-04-18,0,0,0.766902027232,0,0
2013-04-19,0,0,0.78093633433,0,0
2013-04-22,0,0,0.787808574072,0,0
2013-04-23,0,0,0.766852866002,0,0
2013-04-24,0,0,0.78449048192,0,0
2013-04-25,0,0,0.770212755149,0,0
2013-04-26,0,0,0.754885521321,0,0
2013-05-02,0,0,0.760773628388,0,0
2013-05-03,0,0,0.775608714141,0,0
2013-05-06,0,0,0.790190157967,0,0
2013-05-07,0,0,0.789162910762,0,0
2013-05-08,0,0,0.798396116818,0,0
2013-05-09,0,0,0.801430022062,0,0
2013-05-10,0,0,0.802391738088,0,0
2013-05-13,0,0,0.806965370995,0,0
2013-05-14,0,0,0.798653627674,0,0
2013-05-15,0,0,0.813189123698,0,0
2013-05-16,0,0,0.820426506899,0,0
2013-05-17,0,0,0.834209672214,0,0
2013-05-20,0,0,0.846806238265,0,0
2013-05-21,0,0,0.861117263692,0,0
2013-05-22,0,0,0.851214415159,0,0
2013-05-23,0,0,0.848831014797,0,0
2013-05-24,0,0,0.862751843439,0,0
2013-05-27,0,0,0.871465637058,0,0
2013-05-28,0,0,0.86423247227,0,0
2013-05-29,0,0,0.87140560179,0,0
2013-05-30,0,0,0.87140560179,0,0
2013-05-31,0,0,0.863214389133,0,0
2013-06-03,0,0,0.853805352292,0,0
2013-06-04,0,0,0.83647310364,0,0
2013-06-05,0,0,0.841742884193,0,0
2013-06-06,0,0,0.830126832391,0,0
2013-06-07,0,0,0.819252170887,0,0
2013-06-13,0,0,0.798525090964,0,0
2013-06-14,0,0,0.818967333292,0,0
2013-06-17,0,0,0.822243202626,0,0
2013-06-18,0,0,0.8205164919,0,0
2013-06-19,0,0,0.818793407267,0,0
2013-06-20,0,0,0.791363828124,0,0
2013-06-21,0,0,0.789068873022,0,0
2013-06-24,0,0,0.743460692161,0,0
2013-06-25,0,0,0.744947613546,0,0
2013-06-26,0,0,0.766476599577,0,0
2013-06-27,0,0,0.752833316105,0,0
2013-06-28,0,0,0.751402932804,0,0
2013-06-30,0,0,0.751402932804,0,0
2013-07-01,0,0,0.769586883778,0,0
2013-07-02,0,0,0.784901662765,0,0
2013-07-03,0,0,0.790082013739,0,0
2013-07-04,0,0,0.792215235176,0,0
2013-07-05,0,0,0.784293082825,0,0
2013-07-08,0,0,0.75480366291,0,0
2013-07-09,0,0,0.756539711335,0,0
2013-07-10,0,0,0.775982781916,0,0
2013-07-11,0,0,0.795615146299,0,0
2013-07-12,0,0,0.79219400117,0,0
2013-07-15,0,0,0.812078070599,0,0
2013-07-16,0,0,0.822310254289,0,0
2013-07-17,0,0,0.806439666381,0,0
2013-07-18,0,0,0.804423567215,0,0
2013-07-19,0,0,0.790909251286,0,0
2013-07-22,0,0,0.803721981157,0,0
2013-07-23,0,0,0.825100985855,0,0
2013-07-24,0,0,0.831289243249,0,0
2013-07-25,0,0,0.815079103006,0,0
2013-07-26,0,0,0.812144818235,0,0
2013-07-29,0,0,0.79720135358,0,0
2013-07-30,0,0,0.789787380991,0,0
2013-07-31,0,0,0.79152491323,0,0
2013-08-01,0,0,0.817170320418,0,0
2013-08-02,0,0,0.822808795629,0,0
2013-08-05,0,0,0.838606724505,0,0
2013-08-06,0,0,0.850095636631,0,0
2013-08-07,0,0,0.839469441173,0,0
2013-08-08,0,0,0.845849408926,0,0
2013-08-09,0,0,0.844749804694,0,0
2013-08-12,0,0,0.852774927839,0,0
2013-08-13,0,0,0.856441860029,0,0
2013-08-14,0,0,0.853273025147,0,0
2013-08-15,0,0,0.841241875492,0,0
2013-08-16,0,0,0.819706083479,0,0
2013-08-19,0,0,0.836100205149,0,0
2013-08-20,0,0,0.83459522478,0,0
2013-08-21,0,0,0.840270472308,0,0
2013-08-22,0,0,0.842287121442,0,0
2013-08-23,0,0,0.843550552124,0,0
2013-08-26,0,0,0.859156237338,0,0
2013-08-27,0,0,0.86173370605,0,0
2013-08-28,0,0,0.848807700459,0,0
2013-08-29,0,0,0.844818304267,0,0
2013-08-30,0,0,0.828935720147,0,0
2013-09-02,0,0,0.841121075233,0,0
2013-09-03,0,0,0.853233218717,0,0
2013-09-04,0,0,0.851356105635,0,0
2013-09-05,0,0,0.852633139794,0,0
2013-09-06,0,0,0.855873145725,0,0
2013-09-09,0,0,0.861008384599,0,0
2013-09-10,0,0,0.862472098853,0,0
2013-09-11,0,0,0.85022499505,0,0
2013-09-12,0,0,0.850650107547,0,0
2013-09-13,0,0,0.857029983354,0,0
2013-09-16,0,0,0.864657550205,0,0
2013-09-17,0,0,0.855232782908,0,0
2013-09-18,0,0,0.860022086493,0,0
2013-09-23,0,0,0.881952649698,0,0
2013-09-24,0,0,0.88997841881,0,0
2013-09-25,0,0,0.883214582827,0,0
2013-09-26,0,0,0.872174400542,0,0
2013-09-27,0,0,0.874267619103,0,0
2013-09-30,0,0,0.885195964342,0,0
2013-10-08,0,0,0.899624658561,0,0
2013-10-09,0,0,0.906551768432,0,0
2013-10-10,0,0,0.903016216535,0,0
2013-10-11,0,0,0.906718583023,0,0
2013-10-14,0,0,0.915604425136,0,0
2013-10-15,0,0,0.90956143593,0,0
2013-10-16,0,0,0.888823435191,0,0
2013-10-17,0,0,0.887134670664,0,0
2013-10-18,0,0,0.89210262482,0,0
2013-10-21,0,0,0.915743344378,0,0
2013-10-22,0,0,0.907410079944,0,0
2013-10-23,0,0,0.885541497017,0,0
2013-10-24,0,0,0.879874031436,0,0
2013-10-25,0,0,0.860956739761,0,0
2013-10-28,0,0,0.858976539259,0,0
2013-10-29,0,0,0.846177788824,0,0
2013-10-30,0,0,0.856416540069,0,0
2013-10-31,0,0,0.841001042348,0,0
2013-11-01,0,0,0.836459636719,0,0
2013-11-04,0,0,0.843234959776,0,0
2013-11-05,0,0,0.855040249213,0,0
2013-11-06,0,0,0.84785791112,0,0
2013-11-07,0,0,0.836835758275,0,0
2013-11-08,0,0,0.826793729176,0,0
2013-11-11,0,0,0.832912002772,0,0
2013-11-12,0,0,0.836243650783,0,0
2013-11-13,0,0,0.823365498561,0,0
2013-11-14,0,0,0.834974952091,0,0
2013-11-15,0,0,0.848251053829,0,0
2013-11-18,0,0,0.863858873219,0,0
2013-11-19,0,0,0.865154661529,0,0
2013-11-20,0,0,0.870518620431,0,0
2013-11-21,0,0,0.869561049948,0,0
2013-11-22,0,0,0.866256717958,0,0
2013-11-25,0,0,0.864091076164,0,0
2013-11-26,0,0,0.8667697585,0,0
2013-11-27,0,0,0.878991212094,0,0
2013-11-28,0,0,0.885671545306,0,0
2013-11-29,0,0,0.891516977505,0,0
2013-12-02,0,0,0.847386887119,0,0
2013-12-03,0,0,0.866198876013,0,0
2013-12-04,0,0,0.877112981851,0,0
2013-12-05,0,0,0.871499458767,0,0
2013-12-06,0,0,0.86932071012,0,0
2013-12-09,0,0,0.876449139943,0,0
2013-12-10,0,0,0.877763813653,0,0
2013-12-11,0,0,0.870653926762,0,0
2013-12-12,0,0,0.876226111894,0,0
2013-12-13,0,0,0.878416677173,0,0
2013-12-16,0,0,0.865416110351,0,0
2013-12-17,0,0,0.860829404966,0,0
2013-12-18,0,0,0.86143198555,0,0
2013-12-19,0,0,0.855057388857,0,0
2013-12-20,0,0,0.847019849401,0,0
2013-12-23,0,0,0.846850445431,0,0
2013-12-24,0,0,0.853286508817,0,0
2013-12-25,0,0,0.864379233431,0,0
2013-12-26,0,0,0.85037628985,0,0
2013-12-27,0,0,0.864067348116,0,0
2013-12-30,0,0,0.866141109752,0,0
2013-12-31,0,0,0.868046620193,0,0
2014-01-02,0,0,0.880459686862,0,0
2014-01-03,0,0,0.881692330424,0,0
2014-01-06,0,0,0.862912283786,0,0
2014-01-07,0,0,0.869125252229,0,0
2014-01-08,0,0,0.875556779095,0,0
2014-01-09,0,0,0.862686094443,0,0
2014-01-10,0,0,0.847761625009,0,0
2014-01-13,0,0,0.843777145371,0,0
2014-01-14,0,0,0.858796378559,0,0
2014-01-15,0,0,0.868672536912,0,0
2014-01-16,0,0,0.865197846765,0,0
2014-01-17,0,0,0.855594150666,0,0
2014-01-20,0,0,0.847294887404,0,0
2014-01-21,0,0,0.85830972094,0,0
2014-01-22,0,0,0.878136675494,0,0
2014-01-23,0,0,0.886039905574,0,0
2014-01-24,0,0,0.899419108148,0,0
2014-01-27,0,0,0.897530328021,0,0
2014-01-28,0,0,0.89205539302,0,0
2014-01-29,0,0,0.900173097096,0,0
2014-01-30,0,0,0.892251573842,0,0
2014-02-07,0,0,0.907776751227,0,0
2014-02-10,0,0,0.934465387713,0,0
2014-02-11,0,0,0.930166846929,0,0
2014-02-12,0,0,0.940119632191,0,0
2014-02-13,0,0,0.926111849672,0,0
2014-02-14,0,0,0.939725693862,0,0
2014-02-17,0,0,0.956452811213,0,0
2014-02-18,0,0,0.95367909806,0,0
2014-02-19,0,0,0.954918880888,0,0
2014-02-20,0,0,0.937157389703,0,0
2014-02-21,0,0,0.934533349012,0,0
2014-02-24,0,0,0.93602860237,0,0
2014-02-25,0,0,0.897838635394,0,0
2014-02-26,0,0,0.900621935163,0,0
2014-02-27,0,0,0.884590864717,0,0
2014-02-28,0,0,0.896532841391,0,0
2014-03-03,0,0,0.910967020137,0,0
2014-03-04,0,0,0.905592314719,0,0
2014-03-05,0,0,0.904686722404,0,0
2014-03-06,0,0,0.901882193564,0,0
2014-03-07,0,0,0.897643347255,0,0
2014-03-10,0,0,0.865238422419,0,0
2014-03-11,0,0,0.862902278678,0,0
2014-03-12,0,0,0.860313571842,0,0
2014-03-13,0,0,0.871927805062,0,0
2014-03-14,0,0,0.868963250525,0,0
2014-03-17,0,0,0.885994930235,0,0
2014-03-18,0,0,0.889184511984,0,0
2014-03-19,0,0,0.881537525181,0,0
2014-03-20,0,0,0.855884783198,0,0
2014-03-21,0,0,0.871461886252,0,0
2014-03-24,0,0,0.871200447687,0,0
2014-03-25,0,0,0.870067887105,0,0
2014-03-26,0,0,0.874766253695,0,0
2014-03-27,0,0,0.856658592243,0,0
2014-03-28,0,0,0.835070795719,0,0
2014-03-31,0,0,0.831145962979,0,0
2014-04-01,0,0,0.845192329753,0,0
2014-04-02,0,0,0.844262618191,0,0
2014-04-03,0,0,0.847301963616,0,0
2014-04-04,0,0,0.857300126787,0,0
2014-04-08,0,0,0.864501447852,0,0
2014-04-09,0,0,0.872281960882,0,0
2014-04-10,0,0,0.874549893981,0,0
2014-04-11,0,0,0.869827324553,0,0
2014-04-14,0,0,0.874437409373,0,0
2014-04-15,0,0,0.868316347508,0,0
2014-04-16,0,0,0.868142684238,0,0
2014-04-17,0,0,0.870486669486,0,0
2014-04-18,0,0,0.871357156155,0,0
2014-04-21,0,0,0.860290920272,0,0
2014-04-22,0,0,0.854182854738,0,0
2014-04-23,0,0,0.853157835312,0,0
2014-04-24,0,0,0.844967520093,0,0
2014-04-25,0,0,0.829335620972,0,0
2014-04-28,0,0,0.807192359892,0,0
2014-04-29,0,0,0.815829318143,0,0
2014-04-30,0,0,0.820561128188,0,0
2014-05-05,0,0,0.829177020034,0,0
2014-05-06,0,0,0.837468790234,0,0
2014-05-07,0,0,0.822980580163,0,0
2014-05-08,0,0,0.821005426771,0,0
2014-05-09,0,0,0.813287975759,0,0
2014-05-12,0,0,0.831668284011,0,0
2014-05-13,0,0,0.829505946473,0,0
2014-05-14,0,0,0.830501353609,0,0
2014-05-15,0,0,0.81472182789,0,0
2014-05-16,0,0,0.813744161697,0,0
2014-05-19,0,0,0.809675440888,0,0
2014-05-20,0,0,0.812590272475,0,0
2014-05-21,0,0,0.820391139091,0,0
2014-05-22,0,0,0.821129491116,0,0
2014-05-23,0,0,0.829751350773,0,0
2014-05-26,0,0,0.838297789686,0,0
2014-05-27,0,0,0.835782896317,0,0
2014-05-28,0,0,0.848319639762,0,0
2014-05-29,0,0,0.838988123724,0,0
2014-05-30,0,0,0.842260177407,0,0
2014-06-03,0,0,0.841839047318,0,0
2014-06-04,0,0,0.83333647294,0,0
2014-06-05,0,0,0.842836508732,0,0
2014-06-06,0,0,0.84266794143,0,0
2014-06-09,0,0,0.837190599811,0,0
2014-06-10,0,0,0.848576391968,0,0
2014-06-11,0,0,0.852310128093,0,0
2014-06-12,0,0,0.84949750467,0,0
2014-06-13,0,0,0.859521575225,0,0
2014-06-16,0,0,0.865108465464,0,0
2014-06-17,0,0,0.856630402502,0,0
2014-06-18,0,0,0.852861228731,0,0
2014-06-19,0,0,0.831113267399,0,0
2014-06-20,0,0,0.839258177419,0,0
2014-06-23,0,0,0.846643649381,0,0
2014-06-24,0,0,0.851046196357,0,0
2014-06-25,0,0,0.846620756136,0,0
2014-06-26,0,0,0.857796150117,0,0
2014-06-27,0,0,0.861913571638,0,0
2014-06-30,0,0,0.870532707354,0,0
2014-07-01,0,0,0.876104116681,0,0
2014-07-02,0,0,0.880046585206,0,0
2014-07-03,0,0,0.885150855401,0,0
2014-07-04,0,0,0.884265704545,0,0
2014-07-07,0,0,0.882055040284,0,0
2014-07-08,0,0,0.887347370526,0,0
2014-07-09,0,0,0.873948425231,0,0
2014-07-10,0,0,0.868529944994,0,0
2014-07-11,0,0,0.873741124664,0,0
2014-07-14,0,0,0.882478535911,0,0
2014-07-15,0,0,0.88000759601,0,0
2014-07-16,0,0,0.870855517012,0,0
2014-07-17,0,0,0.865282041703,0,0
2014-07-18,0,0,0.866493436561,0,0
2014-07-21,0,0,0.86692668328,0,0
2014-07-22,0,0,0.876636262132,0,0
2014-07-23,0,0,0.86813289039,0,0
2014-07-24,0,0,0.862750466469,0,0
2014-07-25,0,0,0.87146424618,0,0
2014-07-28,0,0,0.888196359707,0,0
2014-07-29,0,0,0.898765896388,0,0
2014-07-30,0,0,0.902990096101,0,0
2014-07-31,0,0,0.908859531725,0,0
2014-08-01,0,0,0.899225620689,0,0
2014-08-04,0,0,0.910196173261,0,0
2014-08-05,0,0,0.916931624944,0,0
2014-08-06,0,0,0.921883055718,0,0
2014-08-07,0,0,0.914415802967,0,0
2014-08-08,0,0,0.920999596748,0,0
2014-08-11,0,0,0.933893591103,0,0
2014-08-12,0,0,0.938189501622,0,0
2014-08-13,0,0,0.937814225821,0,0
2014-08-14,0,0,0.933125154692,0,0
2014-08-15,0,0,0.943202906363,0,0
2014-08-18,0,0,0.956030465889,0,0
2014-08-19,0,0,0.958611748147,0,0
2014-08-20,0,0,0.957940719924,0,0
2014-08-21,0,0,0.958419690283,0,0
2014-08-22,0,0,0.964553576301,0,0
2014-08-25,0,0,0.959248531632,0,0
2014-08-26,0,0,0.945339427923,0,0
2014-08-27,0,0,0.952240405747,0,0
2014-08-28,0,0,0.944051138257,0,0
2014-08-29,0,0,0.953586054754,0,0
2014-09-01,0,0,0.96884343163,0,0
2014-09-02,0,0,0.98017889978,0,0
2014-09-03,0,0,0.987824295198,0,0
2014-09-04,0,0,0.993454893681,0,0
2014-09-05,0,0,0.997428713256,0,0
2014-09-09,0,0,1.00161791385,0,0
2014-09-10,0,0,1.00502341476,0,0
2014-09-11,0,0,1.00241035388,0,0
2014-09-12,0,0,1.01233421638,0,0
2014-09-15,0,0,1.02033165669,0,0
2014-09-16,0,0,0.984620048709,0,0
2014-09-17,0,0,0.990527769001,0,0
2014-09-18,0,0,0.9956785134,0,0
2014-09-19,0,0,1.00513745928,0,0
2014-09-22,0,0,0.99297529602,0,0
2014-09-23,0,0,1.00439451192,0,0
2014-09-24,0,0,1.0149406543,0,0
2014-09-25,0,0,1.01636157122,0,0
2014-09-26,0,0,1.01890247514,0,0
2014-09-29,0,0,1.02827637791,0,0
2014-09-30,0,0,1.03496017437,0,0
2014-10-08,0,0,1.04727620045,0,0
2014-10-09,0,0,1.05031330143,0,0
2014-10-10,0,0,1.04348626497,0,0
2014-10-13,0,0,1.03774709051,0,0
2014-10-14,0,0,1.0342187504,0,0
2014-10-15,0,0,1.03763167228,0,0
2014-10-16,0,0,1.0236236447,0,0
2014-10-17,0,0,1.01389922008,0,0
2014-10-20,0,0,1.02809380916,0,0
2014-10-21,0,0,1.0208971525,0,0
2014-10-22,0,0,1.00987146325,0,0
2014-10-23,0,0,0.997954979982,0,0
2014-10-24,0,0,1.00044986743,0,0
2014-10-27,0,0,1.00775315146,0,0
2014-10-28,0,0,1.02780743918,0,0
2014-10-29,0,0,1.03685214464,0,0
2014-10-30,0,0,1.03426001428,0,0
2014-10-31,0,0,1.03115723424,0,0
2014-11-03,0,0,1.0371379462,0,0
2014-11-04,0,0,1.02998169437,0,0
2014-11-05,0,0,1.02792173098,0,0
2014-11-06,0,0,1.03552835179,0,0
2014-11-07,0,0,1.02506951544,0,0
2014-11-10,0,0,1.02927230045,0,0
2014-11-11,0,0,0.996747295755,0,0
2014-11-12,0,0,1.00791086547,0,0
2014-11-13,0,0,0.989869260976,0,0
2014-11-14,0,0,0.990859130237,0,0
2014-11-17,0,0,1.00235309615,0,0
2014-11-18,0,0,1.00435780234,0,0
2014-11-19,0,0,1.01128787118,0,0
2014-11-20,0,0,1.00663594697,0,0
2014-11-21,0,0,1.01398438938,0,0
2014-11-24,0,0,1.02179206918,0,0
2014-11-25,0,0,1.03793638387,0,0
2014-11-26,0,0,1.03938949481,0,0
2014-11-27,0,0,1.04261160224,0,0
2014-11-28,0,0,1.03979655092,0,0
2014-12-01,0,0,1.02971052437,0,0
2014-12-02,0,0,1.03980168751,0,0
2014-12-03,0,0,1.05144746641,0,0
2014-12-04,0,0,1.06837577062,0,0
2014-12-05,0,0,1.04604671702,0,0
2014-12-08,0,0,1.04709276373,0,0
2014-12-09,0,0,1.00395254187,0,0
2014-12-10,0,0,1.03889009032,0,0
2014-12-11,0,0,1.04855176816,0,0
2014-12-12,0,0,1.0578838789,0,0
2014-12-15,0,0,1.0744926558,0,0
2014-12-16,0,0,1.06858294619,0,0
2014-12-17,0,0,1.05608052572,0,0
2014-12-18,0,0,1.05227863583,0,0
2014-12-19,0,0,1.03723105134,0,0
2014-12-22,0,0,0.996364147915,0,0
2014-12-23,0,0,0.984208505311,0,0
2014-12-24,0,0,0.999463737143,0,0
2014-12-25,0,0,1.01045783825,0,0
2014-12-26,0,0,1.01571221901,0,0
2014-12-29,0,0,1.00108596306,0,0
2014-12-30,0,0,0.985168696244,0,0
2014-12-31,0,0,0.993936697641,0,0
2015-01-05,0,0,1.00904453544,0,0
2015-01-06,0,0,1.02942723506,0,0
2015-01-07,0,0,1.02489775523,0,0
2015-01-08,0,0,1.02479526545,0,0
2015-01-09,0,0,1.02233575681,0,0
2015-01-12,0,0,1.019882151,0,0
2015-01-13,0,0,1.04405335798,0,0
2015-01-14,0,0,1.03966833387,0,0
2015-01-15,0,0,1.04143577004,0,0
2015-01-16,0,0,1.0561200144,0,0
2015-01-19,0,0,1.03204047807,0,0
2015-01-20,0,0,1.06898752718,0,0
2015-01-21,0,0,1.08854999893,0,0
2015-01-22,0,0,1.10074175892,0,0
2015-01-23,0,0,1.08676233858,0,0
2015-01-26,0,0,1.10838890912,0,0
2015-01-27,0,0,1.11515008147,0,0
2015-01-28,0,0,1.10589433579,0,0
2015-01-29,0,0,1.10246606335,0,0
2015-01-30,0,0,1.08879548416,0,0
2015-02-02,0,0,1.08465806132,0,0
2015-02-03,0,0,1.10765281222,0,0
2015-02-04,0,0,1.10488368019,0,0
2015-02-05,0,0,1.10344733141,0,0
2015-02-06,0,0,1.08270252158,0,0
2015-02-09,0,0,1.0760980362,0,0
2015-02-10,0,0,1.09643628908,0,0
2015-02-11,0,0,1.11178639713,0,0
2015-02-12,0,0,1.11923536599,0,0
2015-02-13,0,0,1.13535235526,0,0
2015-02-16,0,0,1.16282788226,0,0
2015-02-17,0,0,1.16678149705,0,0
2015-02-25,0,0,1.16024752067,0,0
2015-02-26,0,0,1.16836925332,0,0
2015-02-27,0,0,1.17818355504,0,0
2015-03-02,0,0,1.19986213246,0,0
2015-03-03,0,0,1.19074318025,0,0
2015-03-04,0,0,1.21074766568,0,0
2015-03-05,0,0,1.21752785261,0,0
2015-03-06,0,0,1.19342080112,0,0
2015-03-09,0,0,1.20989000818,0,0
2015-03-10,0,0,1.22936923731,0,0
2015-03-11,0,0,1.22531231883,0,0
2015-03-12,0,0,1.22041106955,0,0
2015-03-13,0,0,1.23664253678,0,0
2015-03-16,0,0,1.277699069,0,0
2015-03-17,0,0,1.28766512174,0,0
2015-03-18,0,0,1.31225952556,0,0
2015-03-19,0,0,1.31882082319,0,0
2015-03-20,0,0,1.33108585685,0,0
2015-03-23,0,0,1.37128464972,0,0
2015-03-24,0,0,1.38636878087,0,0
2015-03-25,0,0,1.40910522888,0,0
2015-03-26,0,0,1.38190949796,0,0
2015-03-27,0,0,1.40125623093,0,0
2015-03-30,0,0,1.40980389394,0,0
2015-03-31,0,0,1.4182627173,0,0
2015-04-01,0,0,1.4574067683,0,0
2015-04-02,0,0,1.48801231043,0,0
2015-04-03,0,0,1.50720766924,0,0
2015-04-07,0,0,1.53267947885,0,0
2015-04-08,0,0,1.5072369995,0,0
2015-04-09,0,0,1.48462844451,0,0
2015-04-10,0,0,1.52456494967,0,0
2015-04-13,0,0,1.55627590062,0,0
2015-04-14,0,0,1.54973954184,0,0
2015-04-15,0,0,1.49162430902,0,0
2015-04-16,0,0,1.51012045045,0,0
2015-04-17,0,0,1.51268765521,0,0
2015-04-20,0,0,1.47335777618,0,0
2015-04-21,0,0,1.52772467812,0,0
2015-04-22,0,0,1.56668165741,0,0
2015-04-23,0,0,1.58172180132,0,0
2015-04-24,0,0,1.58172180132,0,0
2015-04-27,0,0,1.59216116521,0,0
2015-04-28,0,0,1.53723160501,0,0
2015-04-29,0,0,1.56520922022,0,0
2015-04-30,0,0,1.56865268051,0,0
2015-05-04,0,0,1.57822146186,0,0
2015-05-05,0,0,1.5370298817,0,0
2015-05-06,0,0,1.53595396079,0,0
2015-05-07,0,0,1.51905846722,0,0
2015-05-08,0,0,1.5872641924,0,0
2015-05-11,0,0,1.6615481566,0,0
2015-05-12,0,0,1.69677297752,0,0
2015-05-13,0,0,1.71815231704,0,0
2015-05-14,0,0,1.72399403492,0,0
2015-05-15,0,0,1.71451206772,0,0
2015-05-18,0,0,1.76217550321,0,0
2015-05-19,0,0,1.80094336428,0,0
2015-05-20,0,0,1.83984374094,0,0
2015-05-21,0,0,1.91288553746,0,0
2015-05-22,0,0,1.92340640792,0,0
2015-05-25,0,0,1.95706602005,0,0
2015-05-26,0,0,2.02634615716,0,0
2015-05-27,0,0,2.03688315718,0,0
2015-05-28,0,0,1.91324434954,0,0
2015-05-29,0,0,1.93869049939,0,0
2015-06-01,0,0,2.03911466726,0,0
2015-06-02,0,0,2.11762058195,0,0
2015-06-03,0,0,2.11613824754,0,0
2015-06-04,0,0,2.10196012128,0,0
2015-06-05,0,0,2.11667384213,0,0
2015-06-08,0,0,2.07201202406,0,0
2015-06-09,0,0,2.07139042045,0,0
2015-06-10,0,0,2.11323250695,0,0
2015-06-11,0,0,2.14662158056,0,0
2015-06-12,0,0,2.16765847205,0,0
2015-06-15,0,0,2.1169352638,0,0
2015-06-16,0,0,2.03564494967,0,0
2015-06-17,0,0,2.06516180144,0,0
2015-06-18,0,0,1.98503352355,0,0
2015-06-19,0,0,1.86434348531,0,0
2015-06-23,0,0,1.88429196061,0,0
2015-06-24,0,0,1.90935304368,0,0
2015-06-25,0,0,1.83450640437,0,0
2015-06-26,0,0,1.67783955744,0,0
2015-06-29,0,0,1.55955186864,0,0
2015-06-30,0,0,1.64439149029,0,0
2015-07-01,0,0,1.57236714302,0,0
2015-07-02,0,0,1.48541524001,0,0
2015-07-03,0,0,1.40951052124,0,0
2015-07-06,0,0,1.37850128978,0,0
2015-07-07,0,0,1.2986860651,0,0
2015-07-08,0,0,1.28063432879,0,0
2015-07-09,0,0,1.31482726537,0,0
2015-07-10,0,0,1.34664608519,0,0
2015-07-13,0,0,1.37923492046,0,0
2015-07-14,0,0,1.3905446468,0,0
2015-07-15,0,0,1.34062409398,0,0
2015-07-16,0,0,1.35899064407,0,0
2015-07-17,0,0,1.4272119744,0,0
2015-07-20,0,0,1.45076097198,0,0
2015-07-21,0,0,1.46773487535,0,0
2015-07-22,0,0,1.48050416877,0,0
2015-07-23,0,0,1.51662847049,0,0
2015-07-24,0,0,1.49236241496,0,0
2015-07-27,0,0,1.38207683249,0,0
2015-07-28,0,0,1.34282585045,0,0
2015-07-29,0,0,1.39922453617,0,0
2015-07-30,0,0,1.35752764499,0,0
2015-07-31,0,0,1.35223328718,0,0
2015-08-03,0,0,1.3241068348,0,0
2015-08-04,0,0,1.38832601629,0,0
2015-08-05,0,0,1.3718049367,0,0
2015-08-06,0,0,1.36426000955,0,0
2015-08-07,0,0,1.40273214181,0,0
2015-08-10,0,0,1.4619274382,0,0
2015-08-11,0,0,1.46499748582,0,0
2015-08-12,0,0,1.44536651951,0,0
2015-08-13,0,0,1.47860994946,0,0
2015-08-14,0,0,1.4831936403,0,0
2015-08-17,0,0,1.4947625507,0,0
2015-08-18,0,0,1.39610822235,0,0
2015-08-19,0,0,1.42458883009,0,0
2015-08-20,0,0,1.38498526061,0,0
2015-08-21,0,0,1.31268903001,0,0
2015-08-24,0,0,1.21489369727,0,0
2015-08-25,0,0,1.1232907125,0,0
2015-08-26,0,0,1.08757006784,0,0
2015-08-27,0,0,1.12759264634,0,0
2015-08-28,0,0,1.18791885291,0,0
2015-08-31,0,0,1.15465712503,0,0
2015-09-01,0,0,1.09992637731,0,0
2015-09-02,0,0,1.08870712826,0,0
2015-09-07,0,0,1.08805390398,0,0
2015-09-08,0,0,1.12852950921,0,0
2015-09-09,0,0,1.16227254153,0,0
2015-09-10,0,0,1.14355995362,0,0
2015-09-11,0,0,1.14950646537,0,0
2015-09-14,0,0,1.07179982831,0,0
2015-09-15,0,0,1.01724521705,0,0
2015-09-16,0,0,1.08702823894,0,0
2015-09-17,0,0,1.07246206054,0,0
2015-09-18,0,0,1.08436638941,0,0
2015-09-21,0,0,1.12578918549,0,0
2015-09-22,0,0,1.13479549897,0,0
2015-09-23,0,0,1.12526321678,0,0
2015-09-24,0,0,1.13797869113,0,0
2015-09-25,0,0,1.1023599581,0,0
2015-09-28,0,0,1.12617093319,0,0
2015-09-29,0,0,1.11108024269,0,0
2015-09-30,0,0,1.11552456366,0,0
2015-10-08,0,0,1.16036865112,0,0
2015-10-09,0,0,1.17707795969,0,0
2015-10-12,0,0,1.22616211061,0,0
2015-10-13,0,0,1.23964989383,0,0
2015-10-14,0,0,1.22576581502,0,0
2015-10-15,0,0,1.26229363631,0,0
2015-10-16,0,0,1.27567394885,0,0
2015-10-19,0,0,1.27784259457,0,0
2015-10-20,0,0,1.30467728905,0,0
2015-10-21,0,0,1.22470057123,0,0
2015-10-22,0,0,1.26719768105,0,0
2015-10-23,0,0,1.29735698586,0,0
2015-10-26,0,0,1.3120171198,0,0
2015-10-27,0,0,1.31988922252,0,0
2015-10-28,0,0,1.2895317704,0,0
2015-10-29,0,0,1.29726896103,0,0
2015-10-30,0,0,1.29908513757,0,0
2015-11-02,0,0,1.2710248986,0,0
2015-11-03,0,0,1.26988097619,0,0
2015-11-04,0,0,1.33489888217,0,0
2015-11-05,0,0,1.33196210463,0,0
2015-11-06,0,0,1.3659271383,0,0
2015-11-09,0.0,0.0,1.38874220771,0.0,0
2015-11-10,0.0,0.0,1.3987411516,0.0,0
2015-11-11,0.0,0.0,1.42000201711,0.0,0
2015-11-12,0.0,0.0,1.42028601751,0.0,0
2015-11-13,0.0,0.0,1.39216435436,0.0,0
2015-11-16,0.0,0.0,1.42241090031,0.0,0
2015-11-17,0.0,0.0,1.41188505965,0.0,0
2015-11-18,0.0,0.0,1.3851823709,0.0,0
2015-11-19,0.0,0.0,1.42801127189,0.0,0
2015-11-20,0.0,0.0,1.44304033816,0.0,0
2015-11-23,0.0,0.0,1.4339587799,0.0,0
2015-11-24,0.0,0.0,1.44729459656,0.0,0
2015-11-25,0.0,0.0,1.47497459924,0.0,0
2015-11-26,0.0,0.0,1.45927113429,0.0,0
2015-11-27,0.0,0.0,1.37153487292,0.0,0
