2012-05-11,0,0,0.978,0,0
2012-05-18,0,0,0.9546258,0,0
2012-05-21,0,0,0.95978077932,0,0
2012-05-25,0,0,0.954597963112,0,0
2012-05-28,0,0,0.969776070725,0,0
2012-05-29,0,0,0.983449913322,0,0
2012-05-30,0,0,0.980106183617,0,0
2012-05-31,0,0,0.977165865066,0,0
2012-06-01,0,0,0.977556731412,0,0
2012-06-04,0,0,0.950478409952,0,0
2012-06-05,0,0,0.950478409952,0,0
2012-06-06,0,0,0.950098218588,0,0
2012-06-07,0,0,0.945632756961,0,0
2012-06-08,0,0,0.939297017489,0,0
2012-06-11,0,0,0.95225931633,0,0
2012-06-12,0,0,0.945974404843,0,0
2012-06-13,0,0,0.961204592761,0,0
2012-06-14,0,0,0.954572281071,0,0
2012-06-15,0,0,0.957913284054,0,0
2012-06-18,0,0,0.962702850475,0,0
2012-06-19,0,0,0.954519876246,0,0
2012-06-20,0,0,0.952992644444,0,0
2012-06-21,0,0,0.938507156248,0,0
2012-06-25,0,0,0.918892356683,0,0
2012-06-26,0,0,0.919995027511,0,0
2012-06-27,0,0,0.917051043422,0,0
2012-06-28,0,0,0.909256109553,0,0
2012-06-29,0,0,0.92225847192,0,0
2012-06-30,0,0,0.92225847192,0,0
2012-07-02,0,0,0.924102988864,0,0
2012-07-03,0,0,0.92521191245,0,0
2012-07-04,0,0,0.924101658156,0,0
2012-07-05,0,0,0.912273156931,0,0
2012-07-06,0,0,0.928237937177,0,0
2012-07-09,0,0,0.907445407385,0,0
2012-07-10,0,0,0.904087859377,0,0
2012-07-11,0,0,0.91113974468,0,0
2012-07-12,0,0,0.920068914178,0,0
2012-07-13,0,0,0.92080496931,0,0
2012-07-16,0,0,0.902296789427,0,0
2012-07-17,0,0,0.907530110805,0,0
2012-07-18,0,0,0.907530110805,0,0
2012-07-19,0,0,0.911613996304,0,0
2012-07-20,0,0,0.901950887943,0,0
2012-07-23,0,0,0.889684355867,0,0
2012-07-24,0,0,0.893421030162,0,0
2012-07-25,0,0,0.887524451363,0,0
2012-07-26,0,0,0.883086829106,0,0
2012-07-27,0,0,0.883793298569,0,0
2012-07-30,0,0,0.878932435427,0,0
2012-07-31,0,0,0.877789823261,0,0
2012-08-01,0,0,0.887445511317,0,0
2012-08-02,0,0,0.878926034408,0,0
2012-08-03,0,0,0.886309013097,0,0
2012-08-06,0,0,0.898185553873,0,0
2012-08-07,0,0,0.899263376537,0,0
2012-08-08,0,0,0.899982787239,0,0
2012-08-09,0,0,0.908172630602,0,0
2012-08-10,0,0,0.903722584712,0,0
2012-08-13,0,0,0.885919249794,0,0
2012-08-14,0,0,0.888134047918,0,0
2012-08-15,0,0,0.878453386796,0,0
2012-08-16,0,0,0.873973274523,0,0
2012-08-17,0,0,0.871788341337,0,0
2012-08-20,0,0,0.867342220796,0,0
2012-08-21,0,0,0.871765666122,0,0
2012-08-22,0,0,0.865053070493,0,0
2012-08-23,0,0,0.867302208476,0,0
2012-08-24,0,0,0.857328233079,0,0
2012-08-27,0,0,0.839495805831,0,0
2012-08-28,0,0,0.843189587376,0,0
2012-08-29,0,0,0.834673372544,0,0
2012-08-30,0,0,0.833170960473,0,0
2012-08-31,0,0,0.830588130496,0,0
2012-09-03,0,0,0.839890717557,0,0
2012-09-04,0,0,0.830987875951,0,0
2012-09-05,0,0,0.829159702624,0,0
2012-09-06,0,0,0.836207560096,0,0
2012-09-07,0,0,0.873251555009,0,0
2012-09-10,0,0,0.876569910918,0,0
2012-09-11,0,0,0.871047520479,0,0
2012-09-12,0,0,0.874357501057,0,0
2012-09-13,0,0,0.866225976297,0,0
2012-09-14,0,0,0.872549425924,0,0
2012-09-17,0,0,0.851433729817,0,0
2012-09-18,0,0,0.842493675654,0,0
2012-09-19,0,0,0.846537645297,0,0
2012-09-20,0,0,0.827659855807,0,0
2012-09-21,0,0,0.828735813619,0,0
2012-09-24,0,0,0.835034205803,0,0
2012-09-25,0,0,0.832779613447,0,0
2012-09-26,0,0,0.823535759738,0,0
2012-09-27,0,0,0.848406539682,0,0
2012-09-28,0,0,0.864017220012,0,0
2012-09-30,0,0,0.864017220012,0,0
2012-10-08,0,0,0.855117842646,0,0
2012-10-09,0,0,0.874015946968,0,0
2012-10-10,0,0,0.875501774078,0,0
2012-10-11,0,0,0.867359607579,0,0
2012-10-12,0,0,0.868140231226,0,0
2012-10-15,0,0,0.864407228232,0,0
2012-10-16,0,0,0.865530957628,0,0
2012-10-17,0,0,0.866656147873,0,0
2012-10-18,0,0,0.880002652551,0,0
2012-10-19,0,0,0.878506648041,0,0
2012-10-22,0,0,0.881844973304,0,0
2012-10-23,0,0,0.87073372664,0,0
2012-10-24,0,0,0.869253479305,0,0
2012-10-25,0,0,0.862907928906,0,0
2012-10-26,0,0,0.84659896905,0,0
2012-10-29,0,0,0.842111994514,0,0
2012-10-30,0,0,0.843627796104,0,0
2012-10-31,0,0,0.849195739558,0,0
2012-11-01,0,0,0.865500297758,0,0
2012-11-02,0,0,0.868875748919,0,0
2012-11-05,0,0,0.867051109846,0,0
2012-11-06,0,0,0.863322790074,0,0
2012-11-07,0,0,0.861509812215,0,0
2012-11-08,0,0,0.845916484614,0,0
2012-11-09,0,0,0.844055468347,0,0
2012-11-12,0,0,0.848106934595,0,0
2012-11-13,0,0,0.83326506324,0,0
2012-11-14,0,0,0.83734806205,0,0
2012-11-15,0,0,0.826211332825,0,0
2012-11-16,0,0,0.820262611228,0,0
2012-11-19,0,0,0.819114243573,0,0
2012-11-20,0,0,0.815428229477,0,0
2012-11-21,0,0,0.826518053397,0,0
2012-11-22,0,0,0.820236516192,0,0
2012-11-23,0,0,0.825814124502,0,0
2012-11-26,0,0,0.819125030093,0,0
2012-11-27,0,0,0.809868917253,0,0
2012-11-28,0,0,0.801689241189,0,0
2012-11-29,0,0,0.796879105742,0,0
2012-11-30,0,0,0.805804151726,0,0
2012-12-03,0,0,0.794281152356,0,0
2012-12-04,0,0,0.802779960687,0,0
2012-12-05,0,0,0.831358927287,0,0
2012-12-06,0,0,0.829862481218,0,0
2012-12-07,0,0,0.845795840857,0,0
2012-12-10,0,0,0.855099595107,0,0
2012-12-11,0,0,0.850311037374,0,0
2012-12-12,0,0,0.85362725042,0,0
2012-12-13,0,0,0.84432271339,0,0
2012-12-14,0,0,0.886623281331,0,0
2012-12-17,0,0,0.890701748425,0,0
2012-12-18,0,0,0.891414309824,0,0
2012-12-19,0,0,0.892573148427,0,0
2012-12-20,0,0,0.897482300743,0,0
2012-12-21,0,0,0.892635896319,0,0
2012-12-24,0,0,0.896027912725,0,0
2012-12-25,0,0,0.921206297073,0,0
2012-12-26,0,0,0.924983242891,0,0
2012-12-27,0,0,0.920080831703,0,0
2012-12-28,0,0,0.933237987597,0,0
2012-12-31,0,0,0.949383004782,0,0
2013-01-04,0,0,0.950142511186,0,0
2013-01-07,0,0,0.954323138235,0,0
2013-01-08,0,0,0.950410413368,0,0
2013-01-09,0,0,0.950695536492,0,0
2013-01-10,0,0,0.952406788458,0,0
2013-01-11,0,0,0.934692022193,0,0
2013-01-14,0,0,0.970116849834,0,0
2013-01-15,0,0,0.976907667783,0,0
2013-01-16,0,0,0.969873932575,0,0
2013-01-17,0,0,0.960660130215,0,0
2013-01-18,0,0,0.97670315439,0,0
2013-01-21,0,0,0.982465703001,0,0
2013-01-22,0,0,0.977258634775,0,0
2013-01-23,0,0,0.981265395177,0,0
2013-01-24,0,0,0.971943373923,0,0
2013-01-25,0,0,0.967764017415,0,0
2013-01-28,0,0,0.997667925554,0,0
2013-01-29,0,0,1.0064474033,0,0
2013-01-30,0,0,1.01117770609,0,0
2013-01-31,0,0,1.0104698817,0,0
2013-02-01,0,0,1.03138660825,0,0
2013-02-04,0,0,1.03293368816,0,0
2013-02-05,0,0,1.04181691788,0,0
2013-02-06,0,0,1.04337964326,0,0
2013-02-07,0,0,1.03732804133,0,0
2013-02-08,0,0,1.04189228471,0,0
2013-02-18,0,0,1.02897282038,0,0
2013-02-19,0,0,1.00952523407,0,0
2013-02-20,0,0,1.01588524305,0,0
2013-02-21,0,0,0.981446733309,0,0
2013-02-22,0,0,0.976146920949,0,0
2013-02-25,0,0,0.979270591096,0,0
2013-02-26,0,0,0.965267021643,0,0
2013-02-27,0,0,0.975402325371,0,0
2013-02-28,0,0,1.00476193536,0,0
2013-03-01,0,0,1.00295336388,0,0
2013-03-04,0,0,0.956817509142,0,0
2013-03-05,0,0,0.985522034416,0,0
2013-03-06,0,0,0.995870015778,0,0
2013-03-07,0,0,0.984417510596,0,0
2013-03-08,0,0,0.979790748297,0,0
2013-03-11,0,0,0.974303920106,0,0
2013-03-12,0,0,0.960468804441,0,0
2013-03-13,0,0,0.949903647592,0,0
2013-03-14,0,0,0.952373397076,0,0
2013-03-15,0,0,0.954468618549,0,0
2013-03-18,0,0,0.940533376718,0,0
2013-03-19,0,0,0.948998177109,0,0
2013-03-20,0,0,0.980694716224,0,0
2013-03-21,0,0,0.982558036185,0,0
2013-03-22,0,0,0.983835361632,0,0
2013-03-25,0,0,0.981867690909,0,0
2013-03-26,0,0,0.967630609391,0,0
2013-03-27,0,0,0.970823790402,0,0
2013-03-28,0,0,0.939466181972,0,0
2013-03-29,0,0,0.938056982699,0,0
2013-04-01,0,0,0.937494148509,0,0
2013-04-02,0,0,0.935244162553,0,0
2013-04-03,0,0,0.934495967223,0,0
2013-04-08,0,0,0.930477634564,0,0
2013-04-09,0,0,0.936804882479,0,0
2013-04-10,0,0,0.935305994667,0,0
2013-04-11,0,0,0.932593607282,0,0
2013-04-12,0,0,0.926811526917,0,0
2013-04-15,0,0,0.91726536819,0,0
2013-04-16,0,0,0.925704209577,0,0
2013-04-17,0,0,0.925333927893,0,0
2013-04-18,0,0,0.927647262713,0,0
2013-04-19,0,0,0.953528621343,0,0
2013-04-22,0,0,0.952289034135,0,0
2013-04-23,0,0,0.921815785043,0,0
2013-04-24,0,0,0.939053740223,0,0
2013-04-25,0,0,0.928630243706,0,0
2013-04-26,0,0,0.920922612684,0,0
2013-05-02,0,0,0.921659350774,0,0
2013-05-03,0,0,0.938064887218,0,0
2013-05-06,0,0,0.950447343729,0,0
2013-05-07,0,0,0.951968059479,0,0
2013-05-08,0,0,0.956823096582,0,0
2013-05-09,0,0,0.951177840312,0,0
2013-05-10,0,0,0.956123965082,0,0
2013-05-13,0,0,0.952299469222,0,0
2013-05-14,0,0,0.938300667024,0,0
2013-05-15,0,0,0.943461320693,0,0
2013-05-16,0,0,0.961009701258,0,0
2013-05-17,0,0,0.975809250657,0,0
2013-05-20,0,0,0.982639915411,0,0
2013-05-21,0,0,0.984605195242,0,0
2013-05-22,0,0,0.985885181996,0,0
2013-05-23,0,0,0.972970086112,0,0
2013-05-24,0,0,0.978418718594,0,0
2013-05-27,0,0,0.979201453569,0,0
2013-05-28,0,0,0.99604371857,0,0
2013-05-29,0,0,0.995346487967,0,0
2013-05-30,0,0,0.992260913855,0,0
2013-05-31,0,0,0.982040626442,0,0
2013-06-03,0,0,0.981844218317,0,0
2013-06-04,0,0,0.968196583682,0,0
2013-06-05,0,0,0.966647469148,0,0
2013-06-06,0,0,0.954854370025,0,0
2013-06-07,0,0,0.939481214667,0,0
2013-06-13,0,0,0.909511763919,0,0
2013-06-14,0,0,0.915969297443,0,0
2013-06-17,0,0,0.911206257096,0,0
2013-06-18,0,0,0.917311339019,0,0
2013-06-19,0,0,0.91098189078,0,0
2013-06-20,0,0,0.88128388114,0,0
2013-06-21,0,0,0.880314468871,0,0
2013-06-24,0,0,0.825118751673,0,0
2013-06-25,0,0,0.823138466669,0,0
2013-06-26,0,0,0.825196312836,0,0
2013-06-27,0,0,0.822968282791,0,0
2013-06-28,0,0,0.83876927382,0,0
2013-06-30,0,0,0.83876927382,0,0
2013-07-01,0,0,0.843885766391,0,0
2013-07-02,0,0,0.84717692088,0,0
2013-07-03,0,0,0.841161964741,0,0
2013-07-04,0,0,0.848395957638,0,0
2013-07-05,0,0,0.850686626724,0,0
2013-07-08,0,0,0.827547950477,0,0
2013-07-09,0,0,0.827299686092,0,0
2013-07-10,0,0,0.85062953724,0,0
2013-07-11,0,0,0.891034440259,0,0
2013-07-12,0,0,0.871520786017,0,0
2013-07-15,0,0,0.883547772864,0,0
2013-07-16,0,0,0.887612092619,0,0
2013-07-17,0,0,0.874564194858,0,0
2013-07-18,0,0,0.86057116774,0,0
2013-07-19,0,0,0.839745345481,0,0
2013-07-22,0,0,0.845035741157,0,0
2013-07-23,0,0,0.869288266928,0,0
2013-07-24,0,0,0.863377106713,0,0
2013-07-25,0,0,0.859319234312,0,0
2013-07-26,0,0,0.854163318906,0,0
2013-07-29,0,0,0.835884223881,0,0
2013-07-30,0,0,0.840983117647,0,0
2013-07-31,0,0,0.84258098557,0,0
2013-08-01,0,0,0.862550154928,0,0
2013-08-02,0,0,0.863326450068,0,0
2013-08-05,0,0,0.875240355079,0,0
2013-08-06,0,0,0.881104465458,0,0
2013-08-07,0,0,0.876170280451,0,0
2013-08-08,0,0,0.875118876115,0,0
2013-08-09,0,0,0.878706863507,0,0
2013-08-12,0,0,0.904189362548,0,0
2013-08-13,0,0,0.906630673827,0,0
2013-08-14,0,0,0.902822824997,0,0
2013-08-15,0,0,0.89244036251,0,0
2013-08-16,0,0,0.885747059791,0,0
2013-08-19,0,0,0.896376024508,0,0
2013-08-20,0,0,0.88911537871,0,0
2013-08-21,0,0,0.887603882566,0,0
2013-08-22,0,0,0.886006195578,0,0
2013-08-23,0,0,0.87953835035,0,0
2013-08-26,0,0,0.898008655707,0,0
2013-08-27,0,0,0.89998427475,0,0
2013-08-28,0,0,0.895124359666,0,0
2013-08-29,0,0,0.891275324919,0,0
2013-08-30,0,0,0.88949277427,0,0
2013-09-02,0,0,0.89189440476,0,0
2013-09-03,0,0,0.90491606307,0,0
2013-09-04,0,0,0.903468197369,0,0
2013-09-05,0,0,0.900035018219,0,0
2013-09-06,0,0,0.906245259844,0,0
2013-09-09,0,0,0.937873219413,0,0
2013-09-10,0,0,0.95175374306,0,0
2013-09-11,0,0,0.954704179664,0,0
2013-09-12,0,0,0.964155751043,0,0
2013-09-13,0,0,0.95692458291,0,0
2013-09-16,0,0,0.952809807203,0,0
2013-09-17,0,0,0.933658330078,0,0
2013-09-18,0,0,0.935619012572,0,0
2013-09-23,0,0,0.950869602476,0,0
2013-09-24,0,0,0.939934602048,0,0
2013-09-25,0,0,0.934294994436,0,0
2013-09-26,0,0,0.917103966538,0,0
2013-09-27,0,0,0.921139223991,0,0
2013-09-30,0,0,0.92648183149,0,0
2013-10-08,0,0,0.938896688032,0,0
2013-10-09,0,0,0.943403392135,0,0
2013-10-10,0,0,0.934252379231,0,0
2013-10-11,0,0,0.949293842536,0,0
2013-10-14,0,0,0.950812712684,0,0
2013-10-15,0,0,0.948816005988,0,0
2013-10-16,0,0,0.931073146676,0,0
2013-10-17,0,0,0.927907497977,0,0
2013-10-18,0,0,0.932732616967,0,0
2013-10-21,0,0,0.950081443642,0,0
2013-10-22,0,0,0.940295604773,0,0
2013-10-23,0,0,0.929764293999,0,0
2013-10-24,0,0,0.922884038224,0,0
2013-10-25,0,0,0.910701968919,0,0
2013-10-28,0,0,0.909700196753,0,0
2013-10-29,0,0,0.911974447245,0,0
2013-10-30,0,0,0.925562866509,0,0
2013-10-31,0,0,0.912512430091,0,0
2013-11-01,0,0,0.916801238513,0,0
2013-11-04,0,0,0.91505931616,0,0
2013-11-05,0,0,0.916340399202,0,0
2013-11-06,0,0,0.904794510172,0,0
2013-11-07,0,0,0.899727660915,0,0
2013-11-08,0,0,0.887221446429,0,0
2013-11-11,0,0,0.890237999346,0,0
2013-11-12,0,0,0.89949647454,0,0
2013-11-13,0,0,0.879527652805,0,0
2013-11-14,0,0,0.88577229914,0,0
2013-11-15,0,0,0.903487745123,0,0
2013-11-18,0,0,0.933302840712,0,0
2013-11-19,0,0,0.926863051111,0,0
2013-11-20,0,0,0.931682738977,0,0
2013-11-21,0,0,0.925999474269,0,0
2013-11-22,0,0,0.921369476897,0,0
2013-11-25,0,0,0.91768399899,0,0
2013-11-26,0,0,0.91722515699,0,0
2013-11-27,0,0,0.927498078749,0,0
2013-11-28,0,0,0.937144058768,0,0
2013-11-29,0,0,0.93686291555,0,0
2013-12-02,0,0,0.928993267059,0,0
2013-12-03,0,0,0.938190300403,0,0
2013-12-04,0,0,0.950574412369,0,0
2013-12-05,0,0,0.947817746573,0,0
2013-12-06,0,0,0.941751712995,0,0
2013-12-09,0,0,0.941186661967,0,0
2013-12-10,0,0,0.942221967295,0,0
2013-12-11,0,0,0.926769527031,0,0
2013-12-12,0,0,0.925564726646,0,0
2013-12-13,0,0,0.92463916192,0,0
2013-12-16,0,0,0.90956754358,0,0
2013-12-17,0,0,0.905110662617,0,0
2013-12-18,0,0,0.905382195816,0,0
2013-12-19,0,0,0.895875682759,0,0
2013-12-20,0,0,0.875001779351,0,0
2013-12-23,0,0,0.877451784333,0,0
2013-12-24,0,0,0.87876796201,0,0
2013-12-25,0,0,0.885270844929,0,0
2013-12-26,0,0,0.869955659311,0,0
2013-12-27,0,0,0.884657909954,0,0
2013-12-30,0,0,0.883065525716,0,0
2013-12-31,0,0,0.894810297208,0,0
2014-01-02,0,0,0.891678461168,0,0
2014-01-03,0,0,0.879640801942,0,0
2014-01-06,0,0,0.859497027577,0,0
2014-01-07,0,0,0.859239178469,0,0
2014-01-08,0,0,0.86078580899,0,0
2014-01-09,0,0,0.853210893871,0,0
2014-01-10,0,0,0.84647052781,0,0
2014-01-13,0,0,0.842068881065,0,0
2014-01-14,0,0,0.849479087218,0,0
2014-01-15,0,0,0.847950024862,0,0
2014-01-16,0,0,0.849052359894,0,0
2014-01-17,0,0,0.836231669259,0,0
2014-01-20,0,0,0.831381525578,0,0
2014-01-21,0,0,0.839529064528,0,0
2014-01-22,0,0,0.861104961487,0,0
2014-01-23,0,0,0.856541105191,0,0
2014-01-24,0,0,0.861766005933,0,0
2014-01-27,0,0,0.850390694654,0,0
2014-01-28,0,0,0.851836358835,0,0
2014-01-29,0,0,0.854902969727,0,0
2014-01-30,0,0,0.845242566169,0,0
2014-02-07,0,0,0.84896163346,0,0
2014-02-10,0,0,0.870100778133,0,0
2014-02-11,0,0,0.876974574281,0,0
2014-02-12,0,0,0.879167010716,0,0
2014-02-13,0,0,0.874683258962,0,0
2014-02-14,0,0,0.880806041774,0,0
2014-02-17,0,0,0.886971684067,0,0
2014-02-18,0,0,0.875795840848,0,0
2014-02-19,0,0,0.885867493017,0,0
2014-02-20,0,0,0.877717512082,0,0
2014-02-21,0,0,0.868940336961,0,0
2014-02-24,0,0,0.849910543581,0,0
2014-02-25,0,0,0.828152833666,0,0
2014-02-26,0,0,0.83022321575,0,0
2014-02-27,0,0,0.826653255922,0,0
2014-02-28,0,0,0.835994437714,0,0
2014-03-03,0,0,0.840425208234,0,0
2014-03-04,0,0,0.83798797513,0,0
2014-03-05,0,0,0.830194686961,0,0
2014-03-06,0,0,0.833847543584,0,0
2014-03-07,0,0,0.831846309479,0,0
2014-03-10,0,0,0.804811304421,0,0
2014-03-11,0,0,0.808996323204,0,0
2014-03-12,0,0,0.811099713645,0,0
2014-03-13,0,0,0.821157350094,0,0
2014-03-14,0,0,0.814423859823,0,0
2014-03-17,0,0,0.822079444105,0,0
2014-03-18,0,0,0.820270869328,0,0
2014-03-19,0,0,0.813626675287,0,0
2014-03-20,0,0,0.800608648482,0,0
2014-03-21,0,0,0.828069525125,0,0
2014-03-24,0,0,0.834694081326,0,0
2014-03-25,0,0,0.833859387245,0,0
2014-03-26,0,0,0.832525212225,0,0
2014-03-27,0,0,0.82669753574,0,0
2014-03-28,0,0,0.825209480175,0,0
2014-03-31,0,0,0.822981414579,0,0
2014-04-01,0,0,0.829400669612,0,0
2014-04-02,0,0,0.836201755103,0,0
2014-04-03,0,0,0.830181102467,0,0
2014-04-04,0,0,0.837901786719,0,0
2014-04-08,0,0,0.857676268886,0,0
2014-04-09,0,0,0.858190874647,0,0
2014-04-10,0,0,0.871492833204,0,0
2014-04-11,0,0,0.870359892521,0,0
2014-04-14,0,0,0.869576568618,0,0
2014-04-15,0,0,0.854619851638,0,0
2014-04-16,0,0,0.85581631943,0,0
2014-04-17,0,0,0.852820962312,0,0
2014-04-18,0,0,0.85265039812,0,0
2014-04-21,0,0,0.838411136471,0,0
2014-04-22,0,0,0.842100145471,0,0
2014-04-23,0,0,0.841258045326,0,0
2014-04-24,0,0,0.839827906649,0,0
2014-04-25,0,0,0.83117767921,0,0
2014-04-28,0,0,0.818543778486,0,0
2014-04-29,0,0,0.827465905672,0,0
2014-04-30,0,0,0.827714145444,0,0
2014-05-05,0,0,0.826803659884,0,0
2014-05-06,0,0,0.827134381348,0,0
2014-05-07,0,0,0.819442031601,0,0
2014-05-08,0,0,0.819523975804,0,0
2014-05-09,0,0,0.818868356624,0,0
2014-05-12,0,0,0.836555913127,0,0
2014-05-13,0,0,0.834631834526,0,0
2014-05-14,0,0,0.833797202692,0,0
2014-05-15,0,0,0.823041218777,0,0
2014-05-16,0,0,0.823864259996,0,0
2014-05-19,0,0,0.812165387504,0,0
2014-05-20,0,0,0.81240903712,0,0
2014-05-21,0,0,0.820208163877,0,0
2014-05-22,0,0,0.818485726733,0,0
2014-05-23,0,0,0.82544285541,0,0
2014-05-26,0,0,0.828496993975,0,0
2014-05-27,0,0,0.825265855698,0,0
2014-05-28,0,0,0.833766094012,0,0
2014-05-29,0,0,0.828346614401,0,0
2014-05-30,0,0,0.828926457031,0,0
2014-06-03,0,0,0.826522570306,0,0
2014-06-04,0,0,0.818257344603,0,0
2014-06-05,0,0,0.82701269819,0,0
2014-06-06,0,0,0.821637115652,0,0
2014-06-09,0,0,0.821308460805,0,0
2014-06-10,0,0,0.831656947411,0,0
2014-06-11,0,0,0.831490616022,0,0
2014-06-12,0,0,0.828912995112,0,0
2014-06-13,0,0,0.837948146759,0,0
2014-06-16,0,0,0.84406516823,0,0
2014-06-17,0,0,0.836299768683,0,0
2014-06-18,0,0,0.833121829562,0,0
2014-06-19,0,0,0.820541689935,0,0
2014-06-20,0,0,0.825136723399,0,0
2014-06-23,0,0,0.824559127693,0,0
2014-06-24,0,0,0.829918762023,0,0
2014-06-25,0,0,0.82626711947,0,0
2014-06-26,0,0,0.832546749578,0,0
2014-06-27,0,0,0.833545805677,0,0
2014-06-30,0,0,0.839380626317,0,0
2014-07-01,0,0,0.839380626317,0,0
2014-07-02,0,0,0.841982706258,0,0
2014-07-03,0,0,0.846361016331,0,0
2014-07-04,0,0,0.846022471924,0,0
2014-07-07,0,0,0.845176449452,0,0
2014-07-08,0,0,0.846782284706,0,0
2014-07-09,0,0,0.834842654492,0,0
2014-07-10,0,0,0.833506906245,0,0
2014-07-11,0,0,0.838091194229,0,0
2014-07-14,0,0,0.847813052082,0,0
2014-07-15,0,0,0.849169552966,0,0
2014-07-16,0,0,0.847895798636,0,0
2014-07-17,0,0,0.843401950903,0,0
2014-07-18,0,0,0.847534620463,0,0
2014-07-21,0,0,0.848382155083,0,0
2014-07-22,0,0,0.858732417375,0,0
2014-07-23,0,0,0.860793375177,0,0
2014-07-24,0,0,0.876029417918,0,0
2014-07-25,0,0,0.885402932689,0,0
2014-07-28,0,0,0.909928593925,0,0
2014-07-29,0,0,0.912931358285,0,0
2014-07-30,0,0,0.909827391667,0,0
2014-07-31,0,0,0.920836303106,0,0
2014-08-01,0,0,0.912732943638,0,0
2014-08-04,0,0,0.930531236039,0,0
2014-08-05,0,0,0.928111854826,0,0
2014-08-06,0,0,0.925698764003,0,0
2014-08-07,0,0,0.911813282543,0,0
2014-08-08,0,0,0.91354572778,0,0
2014-08-11,0,0,0.92670078626,0,0
2014-08-12,0,0,0.923457333508,0,0
2014-08-13,0,0,0.924196099375,0,0
2014-08-14,0,0,0.915323816821,0,0
2014-08-15,0,0,0.925026249279,0,0
2014-08-18,0,0,0.9302988989,0,0
2014-08-19,0,0,0.93039192879,0,0
2014-08-20,0,0,0.927042517846,0,0
2014-08-21,0,0,0.922407305257,0,0
2014-08-22,0,0,0.926650378861,0,0
2014-08-25,0,0,0.917847200262,0,0
2014-08-26,0,0,0.91050442266,0,0
2014-08-27,0,0,0.911961229736,0,0
2014-08-28,0,0,0.905577501128,0,0
2014-08-29,0,0,0.916172757891,0,0
2014-09-01,0,0,0.922769201748,0,0
2014-09-02,0,0,0.934857478291,0,0
2014-09-03,0,0,0.943551652839,0,0
2014-09-04,0,0,0.950250869574,0,0
2014-09-05,0,0,0.959183227748,0,0
2014-09-09,0,0,0.957456697938,0,0
2014-09-10,0,0,0.952573668779,0,0
2014-09-11,0,0,0.949049146204,0,0
2014-09-12,0,0,0.955028155825,0,0
2014-09-15,0,0,0.954550641748,0,0
2014-09-16,0,0,0.935650539041,0,0
2014-09-17,0,0,0.940515921844,0,0
2014-09-18,0,0,0.943337469609,0,0
2014-09-19,0,0,0.949752164403,0,0
2014-09-22,0,0,0.931706873279,0,0
2014-09-23,0,0,0.939626381702,0,0
2014-09-24,0,0,0.956069843382,0,0
2014-09-25,0,0,0.953966489726,0,0
2014-09-26,0,0,0.954061886375,0,0
2014-09-29,0,0,0.958068946298,0,0
2014-09-30,0,0,0.959122822139,0,0
2014-10-08,0,0,0.969673173183,0,0
2014-10-09,0,0,0.970933748308,0,0
2014-10-10,0,0,0.964913959068,0,0
2014-10-13,0,0,0.960185880669,0,0
2014-10-14,0,0,0.956729211498,0,0
2014-10-15,0,0,0.963330643058,0,0
2014-10-16,0,0,0.955816664042,0,0
2014-10-17,0,0,0.954765265711,0,0
2014-10-20,0,0,0.95982552162,0,0
2014-10-21,0,0,0.951475039582,0,0
2014-10-22,0,0,0.945766189344,0,0
2014-10-23,0,0,0.936970563783,0,0
2014-10-24,0,0,0.934815531487,0,0
2014-10-27,0,0,0.92630871015,0,0
2014-10-28,0,0,0.944834884353,0,0
2014-10-29,0,0,0.958157056222,0,0
2014-10-30,0,0,0.96476833991,0,0
2014-10-31,0,0,0.979722249179,0,0
2014-11-03,0,0,0.981289804778,0,0
2014-11-04,0,0,0.981486062739,0,0
2014-11-05,0,0,0.977658267094,0,0
2014-11-06,0,0,0.978635925361,0,0
2014-11-07,0,0,0.976972244288,0,0
2014-11-10,0,0,1.00120115595,0,0
2014-11-11,0,0,0.99839779271,0,0
2014-11-12,0,0,1.01217568225,0,0
2014-11-13,0,0,1.00640628086,0,0
2014-11-14,0,0,1.006909484,0,0
2014-11-17,0,0,1.00137148184,0,0
2014-11-18,0,0,0.99135776702,0,0
2014-11-19,0,0,0.989672458816,0,0
2014-11-20,0,0,0.989672458816,0,0
2014-11-21,0,0,1.0079813993,0,0
2014-11-24,0,0,1.03348332871,0,0
2014-11-25,0,0,1.04743535364,0,0
2014-11-26,0,0,1.06136624385,0,0
2014-11-27,0,0,1.07304127253,0,0
2014-11-28,0,0,1.09310714433,0,0
2014-12-01,0,0,1.09660508719,0,0
2014-12-02,0,0,1.13641185185,0,0
2014-12-03,0,0,1.15334438845,0,0
2014-12-04,0,0,1.20570622368,0,0
2014-12-05,0,0,1.2128198904,0,0
2014-12-08,0,0,1.26181781397,0,0
2014-12-09,0,0,1.20566692125,0,0
2014-12-10,0,0,1.2508794308,0,0
2014-12-11,0,0,1.237244845,0,0
2014-12-12,0,0,1.24169892644,0,0
2014-12-15,0,0,1.25014247914,0,0
2014-12-16,0,0,1.28302122635,0,0
2014-12-17,0,0,1.30560239993,0,0
2014-12-18,0,0,1.30090223129,0,0
2014-12-19,0,0,1.31573251673,0,0
2014-12-22,0,0,1.32033758054,0,0
2014-12-23,0,0,1.29247845759,0,0
2014-12-24,0,0,1.25577206939,0,0
2014-12-25,0,0,1.29671023885,0,0
2014-12-26,0,0,1.33911266366,0,0
2014-12-29,0,0,1.34313000165,0,0
2014-12-30,0,0,1.34407019266,0,0
2014-12-31,0,0,1.37337092285,0,0
2015-01-05,0,0,1.415258736,0,0
2015-01-06,0,0,1.41426805489,0,0
2015-01-07,0,0,1.41370234766,0,0
2015-01-08,0,0,1.38076308296,0,0
2015-01-09,0,0,1.37551618325,0,0
2015-01-12,0,0,1.36272388274,0,0
2015-01-13,0,0,1.36272388274,0,0
2015-01-14,0,0,1.35781807677,0,0
2015-01-15,0,0,1.39651589195,0,0
2015-01-16,0,0,1.40810697386,0,0
2015-01-19,0,0,1.29982354757,0,0
2015-01-20,0,0,1.31594135956,0,0
2015-01-21,0,0,1.37476393833,0,0
2015-01-22,0,0,1.3820501872,0,0
2015-01-23,0,0,1.38384685245,0,0
2015-01-26,0,0,1.39713178223,0,0
2015-01-27,0,0,1.38441788301,0,0
2015-01-28,0,0,1.36531291623,0,0
2015-01-29,0,0,1.34851956736,0,0
2015-01-30,0,0,1.33098881298,0,0
2015-02-02,0,0,1.30050916916,0,0
2015-02-03,0,0,1.33250169473,0,0
2015-02-04,0,0,1.31837717676,0,0
2015-02-05,0,0,1.30479789184,0,0
2015-02-06,0,0,1.28379064578,0,0
2015-02-09,0,0,1.29662855224,0,0
2015-02-10,0,0,1.32022719189,0,0
2015-02-11,0,0,1.33078900943,0,0
2015-02-12,0,0,1.33411598195,0,0
2015-02-13,0,0,1.34452208661,0,0
2015-02-16,0,0,1.35621942876,0,0
2015-02-17,0,0,1.36503485505,0,0
2015-02-25,0,0,1.34810842285,0,0
2015-02-26,0,0,1.38181113342,0,0
2015-02-27,0,0,1.38429839346,0,0
2015-03-02,0,0,1.39523435077,0,0
2015-03-03,0,0,1.35909778108,0,0
2015-03-04,0,0,1.36793191666,0,0
2015-03-05,0,0,1.35452618388,0,0
2015-03-06,0,0,1.34761810034,0,0
2015-03-09,0,0,1.37052760804,0,0
2015-03-10,0,0,1.36381202276,0,0
2015-03-11,0,0,1.36517583479,0,0
2015-03-12,0,0,1.39125069323,0,0
2015-03-13,0,0,1.40085032301,0,0
2015-03-16,0,0,1.4346108158,0,0
2015-03-17,0,0,1.45412152289,0,0
2015-03-18,0,0,1.48771173007,0,0
2015-03-19,0,0,1.4853313913,0,0
2015-03-20,0,0,1.50508629881,0,0
2015-03-23,0,0,1.53548904204,0,0
2015-03-24,0,0,1.53625678657,0,0
2015-03-25,0,0,1.52412035795,0,0
2015-03-26,0,0,1.52777824681,0,0
2015-03-27,0,0,1.53587547152,0,0
2015-03-30,0,0,1.5801086851,0,0
2015-03-31,0,0,1.56541367433,0,0
2015-04-01,0,0,1.5934345791,0,0
2015-04-02,0,0,1.59407195293,0,0
2015-04-03,0,0,1.61176615161,0,0
2015-04-07,0,0,1.64593559402,0,0
2015-04-08,0,0,1.65992604657,0,0
2015-04-09,0,0,1.64780858643,0,0
2015-04-10,0,0,1.67911694957,0,0
2015-04-13,0,0,1.70883731958,0,0
2015-04-14,0,0,1.71584355259,0,0
2015-04-15,0,0,1.69473867689,0,0
2015-04-16,0,0,1.7455808372,0,0
2015-04-17,0,0,1.77735040844,0,0
2015-04-20,0,0,1.74909053694,0,0
2015-04-21,0,0,1.78634616538,0,0
2015-04-22,0,0,1.83243389645,0,0
2015-04-23,0,0,1.83316687001,0,0
2015-04-24,0,0,1.81905148511,0,0
2015-04-27,0,0,1.85943442808,0,0
2015-04-28,0,0,1.83526178051,0,0
2015-04-29,0,0,1.84700745591,0,0
2015-04-30,0,0,1.8388806231,0,0
2015-05-04,0,0,1.8530400039,0,0
2015-05-05,0,0,1.77928901174,0,0
2015-05-06,0,0,1.76274162393,0,0
2015-05-07,0,0,1.73065972638,0,0
2015-05-08,0,0,1.76475372299,0,0
2015-05-11,0,0,1.81487272872,0,0
2015-05-12,0,0,1.83610673965,0,0
2015-05-13,0,0,1.82527370988,0,0
2015-05-14,0,0,1.8188852519,0,0
2015-05-15,0,0,1.78741853704,0,0
2015-05-18,0,0,1.77008057723,0,0
2015-05-19,0,0,1.82990930074,0,0
2015-05-20,0,0,1.84070576562,0,0
2015-05-21,0,0,1.87291811651,0,0
2015-05-22,0,0,1.91543335776,0,0
2015-05-25,0,0,1.97174709848,0,0
2015-05-26,0,0,2.00960464277,0,0
2015-05-27,0,0,2.00337486837,0,0
2015-05-28,0,0,1.86995010214,0,0
2015-05-29,0,0,1.87200704725,0,0
2015-06-01,0,0,1.96205058623,0,0
2015-06-02,0,0,1.9944244209,0,0
2015-06-03,0,0,1.98943835985,0,0
2015-06-04,0,0,2.0035633722,0,0
2015-06-05,0,0,2.02299793691,0,0
2015-06-08,0,0,2.06912228987,0,0
2015-06-09,0,0,2.0550522583,0,0
2015-06-10,0,0,2.05094215379,0,0
2015-06-11,0,0,2.04909630585,0,0
2015-06-12,0,0,2.05913687775,0,0
2015-06-15,0,0,2.01733639913,0,0
2015-06-16,0,0,1.95964057811,0,0
2015-06-17,0,0,1.98785940244,0,0
2015-06-18,0,0,1.9091401701,0,0
2015-06-19,0,0,1.79974643835,0,0
2015-06-23,0,0,1.85841817224,0,0
2015-06-24,0,0,1.89447148479,0,0
2015-06-25,0,0,1.82835442997,0,0
2015-06-26,0,0,1.68811964519,0,0
2015-06-29,0,0,1.63258050886,0,0
2015-06-30,0,0,1.7411471127,0,0
2015-07-01,0,0,1.65670147774,0,0
2015-07-02,0,0,1.60087063794,0,0
2015-07-03,0,0,1.51890606127,0,0
2015-07-06,0,0,1.56295433705,0,0
2015-07-07,0,0,1.53654040875,0,0
2015-07-08,0,0,1.43374585541,0,0
2015-07-09,0,0,1.52564896474,0,0
2015-07-10,0,0,1.60772887904,0,0
2015-07-13,0,0,1.64840441968,0,0
2015-07-14,0,0,1.60983175626,0,0
2015-07-15,0,0,1.55380961114,0,0
2015-07-16,0,0,1.56592932611,0,0
2015-07-17,0,0,1.62731375569,0,0
2015-07-20,0,0,1.63121930871,0,0
2015-07-21,0,0,1.63415550346,0,0
2015-07-22,0,0,1.63137743911,0,0
2015-07-23,0,0,1.66792029374,0,0
2015-07-24,0,0,1.63906527266,0,0
2015-07-27,0,0,1.50023644407,0,0
2015-07-28,0,0,1.49738599482,0,0
2015-07-29,0,0,1.54410443786,0,0
2015-07-30,0,0,1.49932540916,0,0
2015-07-31,0,0,1.50007507187,0,0
2015-08-03,0,0,1.50457529708,0,0
2015-08-04,0,0,1.55091621624,0,0
2015-08-05,0,0,1.5191224338,0,0
2015-08-06,0,0,1.5054503319,0,0
2015-08-07,0,0,1.53480661337,0,0
2015-08-10,0,0,1.60387291097,0,0
2015-08-11,0,0,1.59681587016,0,0
2015-08-12,0,0,1.57701535337,0,0
2015-08-13,0,0,1.59972437446,0,0
2015-08-14,0,0,1.59908448471,0,0
2015-08-17,0,0,1.6003637523,0,0
2015-08-18,0,0,1.50258152703,0,0
2015-08-19,0,0,1.52617205701,0,0
2015-08-20,0,0,1.4776397856,0,0
2015-08-21,0,0,1.41070270331,0,0
2015-08-24,0,0,1.28825370866,0,0
2015-08-25,0,0,1.19781829831,0,0
2015-08-26,0,0,1.19111051584,0,0
2015-08-27,0,0,1.26138603628,0,0
2015-08-28,0,0,1.31486880422,0,0
2015-08-31,0,0,1.32486180713,0,0
2015-09-01,0,0,1.32313948678,0,0
2015-09-02,0,0,1.32485956811,0,0
2015-09-07,0,0,1.27994682875,0,0
2015-09-08,0,0,1.3124574782,0,0
2015-09-09,0,0,1.33818164478,0,0
2015-09-10,0,0,1.32158819238,0,0
2015-09-11,0,0,1.31735911016,0,0
2015-09-14,0,0,1.29114366387,0,0
2015-09-15,0,0,1.24091817535,0,0
2015-09-16,0,0,1.30259180866,0,0
2015-09-17,0,0,1.27458608478,0,0
2015-09-18,0,0,1.28070409798,0,0
2015-09-21,0,0,1.30350063093,0,0
2015-09-22,0,0,1.31575353686,0,0
2015-09-23,0,0,1.28667538369,0,0
2015-09-24,0,0,1.29529610876,0,0
2015-09-25,0,0,1.27457137102,0,0
2015-09-28,0,0,1.27890491369,0,0
2015-09-29,0,0,1.25396626787,0,0
2015-09-30,0,0,1.2634964115,0,0
2015-10-08,0,0,1.3000114578,0,0
2015-10-09,0,0,1.31717160904,0,0
2015-10-12,0,0,1.35945281769,0,0
2015-10-13,0,0,1.35836525544,0,0
2015-10-14,0,0,1.3432874011,0,0
2015-10-15,0,0,1.37485465503,0,0
2015-10-16,0,0,1.39341519287,0,0
2015-10-19,0,0,1.39355453439,0,0
2015-10-20,0,0,1.41083461061,0,0
2015-10-21,0,0,1.37006149037,0,0
2015-10-22,0,0,1.39020139428,0,0
2015-10-23,0,0,1.40869107282,0,0
2015-10-26,0,0,1.41573452818,0,0
2015-10-27,0,0,1.41729183617,0,0
2015-10-28,0,0,1.39050502046,0,0
2015-10-29,0,0,1.39384223251,0,0
2015-10-30,0,0,1.39426038518,0,0
2015-11-02,0,0,1.37139451486,0,0
2015-11-03,0,0,1.36728033132,0,0
2015-11-04,0,0,1.43126905082,0,0
2015-11-05,0,0,1.46118257399,0,0
2015-11-06,0,0,1.49537424622,0,0
2015-11-09,0,0,1.51361781202,0,0
2015-11-10,0,0,1.51089329996,0,0
2015-11-11,0,0,1.51104438929,0,0
2015-11-12,0,0,1.49608504984,0,0
2015-11-13,0,0,1.4769351612,0,0
2015-11-16,0.0,0.0,1.46233036028,0.0,0
2015-11-17,0.0,0.0,1.4599906317,0.0,0
2015-11-18,0.0,0.0,1.44284969346,0.0,0
2015-11-19,0.0,0.0,1.46699332068,0.0,0
2015-11-20,0.0,0.0,1.46600931728,0.0,0
2015-11-23,0.0,0.0,1.45680913965,0.0,0
2015-11-24,0.0,0.0,1.45710050148,0.0,0
2015-11-25,0.0,0.0,1.46862907503,0.0,0
2015-11-26,0.0,0.0,1.46011102639,0.0,0
2015-11-27,0.0,0.0,1.38234594518,0.0,0
