2013-02-22,0,0,0.9954,0,0
2013-03-01,0,0,1.01351628,0,0
2013-03-08,0,0,0.998009480916,0,0
2013-03-14,0,0,0.968168997437,0,0
2013-03-15,0,0,0.969911701632,0,0
2013-03-18,0,0,0.957496831851,0,0
2013-03-19,0,0,0.96046507203,0,0
2013-03-20,0,0,0.985052977874,0,0
2013-03-21,0,0,0.995396034141,0,0
2013-03-22,0,0,0.999477157881,0,0
2013-03-25,0,0,0.996278830976,0,0
2013-03-26,0,0,0.989404507043,0,0
2013-03-27,0,0,0.991680137409,0,0
2013-03-28,0,0,0.963119749451,0,0
2013-03-29,0,0,0.962638189577,0,0
2013-04-01,0,0,0.969184129266,0,0
2013-04-02,0,0,0.957360082889,0,0
2013-04-03,0,0,0.948743842143,0,0
2013-04-08,0,0,0.952538817511,0,0
2013-04-09,0,0,0.961873697923,0,0
2013-04-10,0,0,0.959853763157,0,0
2013-04-11,0,0,0.955918362728,0,0
2013-04-12,0,0,0.947793056645,0,0
2013-04-15,0,0,0.934523953852,0,0
2013-04-16,0,0,0.944616812554,0,0
2013-04-17,0,0,0.952929440504,0,0
2013-04-18,0,0,0.955788228826,0,0
2013-04-19,0,0,0.975955360454,0,0
2013-04-22,0,0,0.980444755112,0,0
2013-04-23,0,0,0.953972746724,0,0
2013-04-24,0,0,0.972956804384,0,0
2013-04-25,0,0,0.958167860957,0,0
2013-04-26,0,0,0.942741358396,0,0
2013-05-02,0,0,0.947077968644,0,0
2013-05-03,0,0,0.965545989033,0,0
2013-05-06,0,0,0.983698253627,0,0
2013-05-07,0,0,0.985764019959,0,0
2013-05-08,0,0,0.994734472541,0,0
2013-05-09,0,0,0.995331313224,0,0
2013-05-10,0,0,1.0016019005,0,0
2013-05-13,0,0,1.00540798772,0,0
2013-05-14,0,0,0.994247959056,0,0
2013-05-15,0,0,1.00757088171,0,0
2013-05-16,0,0,1.0178481047,0,0
2013-05-17,0,0,1.03331939589,0,0
2013-05-20,0,0,1.04602922446,0,0
2013-05-21,0,0,1.05962760438,0,0
2013-05-22,0,0,1.05146847183,0,0
2013-05-23,0,0,1.04263613666,0,0
2013-05-24,0,0,1.05890126039,0,0
2013-05-27,0,0,1.06970205325,0,0
2013-05-28,0,0,1.07194842756,0,0
2013-05-29,0,0,1.08009523561,0,0
2013-05-30,0,0,1.0827954737,0,0
2013-05-31,0,0,1.07619042131,0,0
2013-06-03,0,0,1.06897994549,0,0
2013-06-04,0,0,1.04813483655,0,0
2013-06-05,0,0,1.05253700287,0,0
2013-06-06,0,0,1.03422285902,0,0
2013-06-07,0,0,1.01405551326,0,0
2013-06-13,0,0,0.985864769996,0,0
2013-06-14,0,0,1.0055820654,0,0
2013-06-17,0,0,1.00799546235,0,0
2013-06-18,0,0,1.01182584511,0,0
2013-06-19,0,0,1.00585607262,0,0
2013-06-20,0,0,0.972863993441,0,0
2013-06-21,0,0,0.967999673474,0,0
2013-06-24,0,0,0.908274093621,0,0
2013-06-25,0,0,0.904550169837,0,0
2013-06-26,0,0,0.923364813369,0,0
2013-06-27,0,0,0.908590976356,0,0
2013-06-28,0,0,0.909499567332,0,0
2013-06-30,0,0,0.909499567332,0,0
2013-07-01,0,0,0.926598159198,0,0
2013-07-02,0,0,0.941609049377,0,0
2013-07-03,0,0,0.943115623856,0,0
2013-07-04,0,0,0.950660548847,0,0
2013-07-05,0,0,0.945431915828,0,0
2013-07-08,0,0,0.908938243877,0,0
2013-07-09,0,0,0.914300979516,0,0
2013-07-10,0,0,0.942918600175,0,0
2013-07-11,0,0,0.96941461284,0,0
2013-07-12,0,0,0.960883764247,0,0
2013-07-15,0,0,0.980293616284,0,0
2013-07-16,0,0,0.992449257126,0,0
2013-07-17,0,0,0.978157987824,0,0
2013-07-18,0,0,0.977179829836,0,0
2013-07-19,0,0,0.952848052073,0,0
2013-07-22,0,0,0.971523873894,0,0
2013-07-23,0,0,0.995034751642,0,0
2013-07-24,0,0,1.00090545668,0,0
2013-07-25,0,0,0.981888253,0,0
2013-07-26,0,0,0.980808175921,0,0
2013-07-29,0,0,0.961878578126,0,0
2013-07-30,0,0,0.957550124525,0,0
2013-07-31,0,0,0.962816650209,0,0
2013-08-01,0,0,0.988235009775,0,0
2013-08-02,0,0,0.991693832309,0,0
2013-08-05,0,0,1.00815594993,0,0
2013-08-06,0,0,1.01894321859,0,0
2013-08-07,0,0,1.00916136369,0,0
2013-08-08,0,0,1.01188609937,0,0
2013-08-09,0,0,1.01563007794,0,0
2013-08-12,0,0,1.03177859618,0,0
2013-08-13,0,0,1.03714384488,0,0
2013-08-14,0,0,1.03309898389,0,0
2013-08-15,0,0,1.0191521476,0,0
2013-08-16,0,0,0.997546122074,0,0
2013-08-19,0,0,1.01280857774,0,0
2013-08-20,0,0,1.01017527544,0,0
2013-08-21,0,0,1.01795362506,0,0
2013-08-22,0,0,1.02060030449,0,0
2013-08-23,0,0,1.01815086375,0,0
2013-08-26,0,0,1.03922658663,0,0
2013-08-27,0,0,1.04722863135,0,0
2013-08-28,0,0,1.03937441662,0,0
2013-08-29,0,0,1.03854291708,0,0
2013-08-30,0,0,1.02815748791,0,0
2013-09-02,0,0,1.03535459033,0,0
2013-09-03,0,0,1.05078137372,0,0
2013-09-04,0,0,1.05372356157,0,0
2013-09-05,0,0,1.05572563634,0,0
2013-09-06,0,0,1.06417144143,0,0
2013-09-09,0,0,1.07502599013,0,0
2013-09-10,0,0,1.08588375263,0,0
2013-09-11,0,0,1.07556785698,0,0
2013-09-12,0,0,1.07857944698,0,0
2013-09-13,0,0,1.07987374232,0,0
2013-09-16,0,0,1.08106160343,0,0
2013-09-17,0,0,1.06192681305,0,0
2013-09-18,0,0,1.07201511778,0,0
2013-09-23,0,0,1.09356262164,0,0
2013-09-24,0,0,1.094546828,0,0
2013-09-25,0,0,1.09049700474,0,0
2013-09-26,0,0,1.06781466704,0,0
2013-09-27,0,0,1.07187236278,0,0
2013-09-30,0,0,1.08591389073,0,0
2013-10-08,0,0,1.1040486527,0,0
2013-10-09,0,0,1.11608278302,0,0
2013-10-10,0,0,1.11005593599,0,0
2013-10-11,0,0,1.12881588131,0,0
2013-10-14,0,0,1.14044268488,0,0
2013-10-15,0,0,1.14203930464,0,0
2013-10-16,0,0,1.11097583556,0,0
2013-10-17,0,0,1.10919827422,0,0
2013-10-18,0,0,1.11296954835,0,0
2013-10-21,0,0,1.14057119315,0,0
2013-10-22,0,0,1.12859519562,0,0
2013-10-23,0,0,1.10004173717,0,0
2013-10-24,0,0,1.09278146171,0,0
2013-10-25,0,0,1.07125366691,0,0
2013-10-28,0,0,1.06750427908,0,0
2013-10-29,0,0,1.0381479114,0,0
2013-10-30,0,0,1.05506972236,0,0
2013-10-31,0,0,1.04082628111,0,0
2013-11-01,0,0,1.03759971964,0,0
2013-11-04,0,0,1.0447591577,0,0
2013-11-05,0,0,1.05844550267,0,0
2013-11-06,0,0,1.04712013579,0,0
2013-11-07,0,0,1.0325651659,0,0
2013-11-08,0,0,1.01717994493,0,0
2013-11-11,0,0,1.02155381869,0,0
2013-11-12,0,0,1.03115642459,0,0
2013-11-13,0,0,1.01187379945,0,0
2013-11-14,0,0,1.02533172098,0,0
2013-11-15,0,0,1.04676115395,0,0
2013-11-18,0,0,1.07230212611,0,0
2013-11-19,0,0,1.07573349291,0,0
2013-11-20,0,0,1.08638325449,0,0
2013-11-21,0,0,1.08268955143,0,0
2013-11-22,0,0,1.07630168307,0,0
2013-11-25,0,0,1.07554827189,0,0
2013-11-26,0,0,1.0771615943,0,0
2013-11-27,0,0,1.08954895264,0,0
2013-11-28,0,0,1.09870116384,0,0
2013-11-29,0,0,1.10529337082,0,0
2013-12-02,0,0,1.05610781582,0,0
2013-12-03,0,0,1.08103196027,0,0
2013-12-04,0,0,1.10157156752,0,0
2013-12-05,0,0,1.10024968164,0,0
2013-12-06,0,0,1.09749905743,0,0
2013-12-09,0,0,1.10562055046,0,0
2013-12-10,0,0,1.10628392279,0,0
2013-12-11,0,0,1.09400417125,0,0
2013-12-12,0,0,1.09673918167,0,0
2013-12-13,0,0,1.09882298612,0,0
2013-12-16,0,0,1.07959358386,0,0
2013-12-17,0,0,1.07279214428,0,0
2013-12-18,0,0,1.07279214428,0,0
2013-12-19,0,0,1.06184966441,0,0
2013-12-20,0,0,1.04836417367,0,0
2013-12-23,0,0,1.04721097308,0,0
2013-12-24,0,0,1.0544367288,0,0
2013-12-25,0,0,1.06550831445,0,0
2013-12-26,0,0,1.04718157144,0,0
2013-12-27,0,0,1.0634128858,0,0
2013-12-30,0,0,1.06670946574,0,0
2013-12-31,0,0,1.0711896455,0,0
2014-01-02,0,0,1.07643847476,0,0
2014-01-03,0,0,1.06761167927,0,0
2014-01-06,0,0,1.03793207459,0,0
2014-01-07,0,0,1.04426346024,0,0
2014-01-08,0,0,1.04551657639,0,0
2014-01-09,0,0,1.03370223908,0,0
2014-01-10,0,0,1.01478548811,0,0
2014-01-13,0,0,1.01001599631,0,0
2014-01-14,0,0,1.03001431304,0,0
2014-01-15,0,0,1.03691540894,0,0
2014-01-16,0,0,1.03847078205,0,0
2014-01-17,0,0,1.02652836806,0,0
2014-01-20,0,0,1.01872675246,0,0
2014-01-21,0,0,1.03431327177,0,0
2014-01-22,0,0,1.06203286745,0,0
2014-01-23,0,0,1.06946709753,0,0
2014-01-24,0,0,1.08540215728,0,0
2014-01-27,0,0,1.08518507685,0,0
2014-01-28,0,0,1.08279766968,0,0
2014-01-29,0,0,1.09254284871,0,0
2014-01-30,0,0,1.0860968459,0,0
2014-02-07,0,0,1.10608102786,0,0
2014-02-10,0,0,1.13871041819,0,0
2014-02-11,0,0,1.14030461277,0,0
2014-02-12,0,0,1.15284796351,0,0
2014-02-13,0,0,1.13578581365,0,0
2014-02-14,0,0,1.15532132965,0,0
2014-02-17,0,0,1.17715690278,0,0
2014-02-18,0,0,1.1756265988,0,0
2014-02-19,0,0,1.17574416146,0,0
2014-02-20,0,0,1.15916616879,0,0
2014-02-21,0,0,1.15151567207,0,0
2014-02-24,0,0,1.14690960938,0,0
2014-02-25,0,0,1.10653839113,0,0
2014-02-26,0,0,1.11384154451,0,0
2014-02-27,0,0,1.09902745197,0,0
2014-02-28,0,0,1.11056724022,0,0
2014-03-03,0,0,1.13366703881,0,0
2014-03-04,0,0,1.13389377222,0,0
2014-03-05,0,0,1.12799752461,0,0
2014-03-06,0,0,1.12653112783,0,0
2014-03-07,0,0,1.12078581907,0,0
2014-03-10,0,0,1.07819595795,0,0
2014-03-11,0,0,1.07927415391,0,0
2014-03-12,0,0,1.07959793615,0,0
2014-03-13,0,0,1.09114963407,0,0
2014-03-14,0,0,1.08602123079,0,0
2014-03-17,0,0,1.10785025753,0,0
2014-03-18,0,0,1.11383264892,0,0
2014-03-19,0,0,1.11138221709,0,0
2014-03-20,0,0,1.082264003,0,0
2014-03-21,0,0,1.10347637746,0,0
2014-03-24,0,0,1.11274557903,0,0
2014-03-25,0,0,1.11419214829,0,0
2014-03-26,0,0,1.11708904787,0,0
2014-03-27,0,0,1.10100296558,0,0
2014-03-28,0,0,1.07898290627,0,0
2014-03-31,0,0,1.07207741567,0,0
2014-04-01,0,0,1.08848020013,0,0
2014-04-02,0,0,1.08913328825,0,0
2014-04-03,0,0,1.08749958832,0,0
2014-04-04,0,0,1.09946208379,0,0
2014-04-08,0,0,1.11100643567,0,0
2014-04-09,0,0,1.12133879552,0,0
2014-04-10,0,0,1.12705762338,0,0
2014-04-11,0,0,1.12209856983,0,0
2014-04-14,0,0,1.13040209925,0,0
2014-04-15,0,0,1.12226320414,0,0
2014-04-16,0,0,1.12170207253,0,0
2014-04-17,0,0,1.12035603005,0,0
2014-04-18,0,0,1.12438931176,0,0
2014-04-21,0,0,1.1065115217,0,0
2014-04-22,0,0,1.1014215687,0,0
2014-04-23,0,0,1.09646517164,0,0
2014-04-24,0,0,1.0840751152,0,0
2014-04-25,0,0,1.06044227769,0,0
2014-04-28,0,0,1.02820483245,0,0
2014-04-29,0,0,1.04342226397,0,0
2014-04-30,0,0,1.05114358872,0,0
2014-05-05,0,0,1.06007830923,0,0
2014-05-06,0,0,1.06559071643,0,0
2014-05-07,0,0,1.04672976075,0,0
2014-05-08,0,0,1.04788116349,0,0
2014-05-09,0,0,1.03740235185,0,0
2014-05-12,0,0,1.06427107277,0,0
2014-05-13,0,0,1.06278109327,0,0
2014-05-14,0,0,1.06193086839,0,0
2014-05-15,0,0,1.04217895424,0,0
2014-05-16,0,0,1.04092833949,0,0
2014-05-19,0,0,1.03530732646,0,0
2014-05-20,0,0,1.03820618697,0,0
2014-05-21,0,0,1.04734240142,0,0
2014-05-22,0,0,1.04734240142,0,0
2014-05-23,0,0,1.05907263632,0,0
2014-05-26,0,0,1.07051062079,0,0
2014-05-27,0,0,1.06804844636,0,0
2014-05-28,0,0,1.08022419865,0,0
2014-05-29,0,0,1.0690978894,0,0
2014-05-30,0,0,1.07123608518,0,0
2014-06-03,0,0,1.06930786023,0,0
2014-06-04,0,0,1.06000488184,0,0
2014-06-05,0,0,1.0720889375,0,0
2014-06-06,0,0,1.06833662622,0,0
2014-06-09,0,0,1.0626744421,0,0
2014-06-10,0,0,1.07468266329,0,0
2014-06-11,0,0,1.07973367181,0,0
2014-06-12,0,0,1.0777901512,0,0
2014-06-13,0,0,1.08910694779,0,0
2014-06-16,0,0,1.09575050017,0,0
2014-06-17,0,0,1.08632704587,0,0
2014-06-18,0,0,1.08078677793,0,0
2014-06-19,0,0,1.05257824303,0,0
2014-06-20,0,0,1.06236722069,0,0
2014-06-23,0,0,1.06980379124,0,0
2014-06-24,0,0,1.07675751588,0,0
2014-06-25,0,0,1.06997394353,0,0
2014-06-26,0,0,1.08345561522,0,0
2014-06-27,0,0,1.09136484121,0,0
2014-06-30,0,0,1.10151453423,0,0
2014-07-01,0,0,1.10900483306,0,0
2014-07-02,0,0,1.11687876738,0,0
2014-07-03,0,0,1.12815924293,0,0
2014-07-04,0,0,1.1243235015,0,0
2014-07-07,0,0,1.12713431026,0,0
2014-07-08,0,0,1.13423525641,0,0
2014-07-09,0,0,1.11858280987,0,0
2014-07-10,0,0,1.11858280987,0,0
2014-07-11,0,0,1.13211766187,0,0
2014-07-14,0,0,1.14921263857,0,0
2014-07-15,0,0,1.15013200868,0,0
2014-07-16,0,0,1.14139100541,0,0
2014-07-17,0,0,1.13283057287,0,0
2014-07-18,0,0,1.13600249848,0,0
2014-07-21,0,0,1.13248089073,0,0
2014-07-22,0,0,1.14742963849,0,0
2014-07-23,0,0,1.1400860888,0,0
2014-07-24,0,0,1.13940203715,0,0
2014-07-25,0,0,1.14931483487,0,0
2014-07-28,0,0,1.17126674822,0,0
2014-07-29,0,0,1.182510909,0,0
2014-07-30,0,0,1.18475767973,0,0
2014-07-31,0,0,1.19660525652,0,0
2014-08-01,0,0,1.18356225923,0,0
2014-08-04,0,0,1.20273596783,0,0
2014-08-05,0,0,1.20862937407,0,0
2014-08-06,0,0,1.21660632794,0,0
2014-08-07,0,0,1.20468358593,0,0
2014-08-08,0,0,1.21191168744,0,0
2014-08-11,0,0,1.23021155392,0,0
2014-08-12,0,0,1.23648563285,0,0
2014-08-13,0,0,1.23710387566,0,0
2014-08-14,0,0,1.22906270047,0,0
2014-08-15,0,0,1.24319692153,0,0
2014-08-18,0,0,1.25998007997,0,0
2014-08-19,0,0,1.26376002021,0,0
2014-08-20,0,0,1.26388639621,0,0
2014-08-21,0,0,1.26363361893,0,0
2014-08-22,0,0,1.27108905728,0,0
2014-08-25,0,0,1.26130167154,0,0
2014-08-26,0,0,1.23910276212,0,0
2014-08-27,0,0,1.24294398068,0,0
2014-08-28,0,0,1.23175748486,0,0
2014-08-29,0,0,1.2448141142,0,0
2014-09-01,0,0,1.26697180543,0,0
2014-09-02,0,0,1.28622977687,0,0
2014-09-03,0,0,1.29536200829,0,0
2014-09-04,0,0,1.30637258536,0,0
2014-09-05,0,0,1.31146743844,0,0
2014-09-09,0,0,1.32130344423,0,0
2014-09-10,0,0,1.32354966008,0,0
2014-09-11,0,0,1.32209375546,0,0
2014-09-12,0,0,1.33663678677,0,0
2014-09-15,0,0,1.35080513671,0,0
2014-09-16,0,0,1.30514792309,0,0
2014-09-17,0,0,1.31663322481,0,0
2014-09-18,0,0,1.32584965738,0,0
2014-09-19,0,0,1.33698679451,0,0
2014-09-22,0,0,1.31893747278,0,0
2014-09-23,0,0,1.33568797869,0,0
2014-09-24,0,0,1.35291835361,0,0
2014-09-25,0,0,1.35305364545,0,0
2014-09-26,0,0,1.3577893332,0,0
2014-09-29,0,0,1.3712314476,0,0
2014-09-30,0,0,1.38220129918,0,0
2014-10-08,0,0,1.40390185958,0,0
2014-10-09,0,0,1.40685005349,0,0
2014-10-10,0,0,1.40065991325,0,0
2014-10-13,0,0,1.40079997924,0,0
2014-10-14,0,0,1.39617733931,0,0
2014-10-15,0,0,1.40218090187,0,0
2014-10-16,0,0,1.37932535317,0,0
2014-10-17,0,0,1.36649762739,0,0
2014-10-20,0,0,1.38562859417,0,0
2014-10-21,0,0,1.3728808111,0,0
2014-10-22,0,0,1.35654352945,0,0
2014-10-23,0,0,1.33673799392,0,0
2014-10-24,0,0,1.3420849459,0,0
2014-10-27,0,0,1.351882166,0,0
2014-10-28,0,0,1.38432733798,0,0
2014-10-29,0,0,1.40315418978,0,0
2014-10-30,0,0,1.4032945052,0,0
2014-10-31,0,0,1.40147022234,0,0
2014-11-03,0,0,1.41324257221,0,0
2014-11-04,0,0,1.40617635935,0,0
2014-11-05,0,0,1.40392647718,0,0
2014-11-06,0,0,1.41206925074,0,0
2014-11-07,0,0,1.39865459286,0,0
2014-11-10,0,0,1.413620197,0,0
2014-11-11,0,0,1.37163567715,0,0
2014-11-12,0,0,1.39509064723,0,0
2014-11-13,0,0,1.38281384954,0,0
2014-11-14,0,0,1.37935681491,0,0
2014-11-17,0,0,1.39301244738,0,0
2014-11-18,0,0,1.39565917103,0,0
2014-11-19,0,0,1.40054397813,0,0
2014-11-20,0,0,1.39760283578,0,0
2014-11-21,0,0,1.41311622725,0,0
2014-11-24,0,0,1.43629133338,0,0
2014-11-25,0,0,1.45783570338,0,0
2014-11-26,0,0,1.46497909833,0,0
2014-11-27,0,0,1.47552694783,0,0
2014-11-28,0,0,1.4737563155,0,0
2014-12-01,0,0,1.46329264566,0,0
2014-12-02,0,0,1.48275443784,0,0
2014-12-03,0,0,1.49995438932,0,0
2014-12-04,0,0,1.53160342694,0,0
2014-12-05,0,0,1.49836763257,0,0
2014-12-08,0,0,1.52024380001,0,0
2014-12-09,0,0,1.45897797487,0,0
2014-12-10,0,0,1.5091668172,0,0
2014-12-11,0,0,1.53135156942,0,0
2014-12-12,0,0,1.54191789525,0,0
2014-12-15,0,0,1.56597181441,0,0
2014-12-16,0,0,1.57192250731,0,0
2014-12-17,0,0,1.55777520474,0,0
2014-12-18,0,0,1.55777520474,0,0
2014-12-19,0,0,1.54858433103,0,0
2014-12-22,0,0,1.48757010839,0,0
2014-12-23,0,0,1.45647989313,0,0
2014-12-24,0,0,1.47555977973,0,0
2014-12-25,0,0,1.50403808347,0,0
2014-12-26,0,0,1.52028169478,0,0
2014-12-29,0,0,1.50492684966,0,0
2014-12-30,0,0,1.47904210784,0,0
2014-12-31,0,0,1.4922055826,0,0
2015-01-05,0,0,1.51846840086,0,0
2015-01-06,0,0,1.53593078747,0,0
2015-01-07,0,0,1.53823468365,0,0
2015-01-08,0,0,1.52592880618,0,0
2015-01-09,0,0,1.51616286182,0,0
2015-01-12,0,0,1.49478496547,0,0
2015-01-13,0,0,1.5149645625,0,0
2015-01-14,0,0,1.50799572551,0,0
2015-01-15,0,0,1.52714727123,0,0
2015-01-16,0,0,1.54715290048,0,0
2015-01-19,0,0,1.48139890221,0,0
2015-01-20,0,0,1.5345811228,0,0
2015-01-21,0,0,1.57355948332,0,0
2015-01-22,0,0,1.59574667203,0,0
2015-01-23,0,0,1.58042750398,0,0
2015-01-26,0,0,1.61598712282,0,0
2015-01-27,0,0,1.62083508419,0,0
2015-01-28,0,0,1.61208257474,0,0
2015-01-29,0,0,1.60112041323,0,0
2015-01-30,0,0,1.58174685623,0,0
2015-02-02,0,0,1.57510351943,0,0
2015-02-03,0,0,1.60251032067,0,0
2015-02-04,0,0,1.59577977732,0,0
2015-02-05,0,0,1.58748172248,0,0
2015-02-06,0,0,1.55398585814,0,0
2015-02-09,0,0,1.5455943345,0,0
2015-02-10,0,0,1.56676897689,0,0
2015-02-11,0,0,1.58384675873,0,0
2015-02-12,0,0,1.59493368604,0,0
2015-02-13,0,0,1.61949566481,0,0
2015-02-16,0,0,1.64751293981,0,0
2015-02-17,0,0,1.65904553039,0,0
2015-02-25,0,0,1.65755238941,0,0
2015-02-26,0,0,1.67512244474,0,0
2015-02-27,0,0,1.68885844879,0,0
2015-03-02,0,0,1.72263561776,0,0
2015-03-03,0,0,1.71677865666,0,0
2015-03-04,0,0,1.74235865865,0,0
2015-03-05,0,0,1.74201018692,0,0
2015-03-06,0,0,1.72075766263,0,0
2015-03-09,0,0,1.74278336072,0,0
2015-03-10,0,0,1.76073402933,0,0
2015-03-11,0,0,1.75686041447,0,0
2015-03-12,0,0,1.75598198426,0,0
2015-03-13,0,0,1.77547338429,0,0
2015-03-16,0,0,1.82767230178,0,0
2015-03-17,0,0,1.85600122246,0,0
2015-03-18,0,0,1.88681084275,0,0
2015-03-19,0,0,1.90209401058,0,0
2015-03-20,0,0,1.92130516009,0,0
2015-03-23,0,0,1.96780074496,0,0
2015-03-24,0,0,1.97586872802,0,0
2015-03-25,0,0,1.99799845777,0,0
2015-03-26,0,0,1.98381266872,0,0
2015-03-27,0,0,2.00662651441,0,0
2015-03-30,0,0,2.03170934584,0,0
2015-03-31,0,0,2.03374105519,0,0
2015-04-01,0,0,2.0823474664,0,0
2015-04-02,0,0,2.12024619029,0,0
2015-04-03,0,0,2.15353405548,0,0
2015-04-07,0,0,2.20521887281,0,0
2015-04-08,0,0,2.18956181881,0,0
2015-04-09,0,0,2.17226428045,0,0
2015-04-10,0,0,2.23004651031,0,0
2015-04-13,0,0,2.27776950563,0,0
2015-04-14,0,0,2.27685839782,0,0
2015-04-15,0,0,2.18806092031,0,0
2015-04-16,0,0,2.21891257929,0,0
2015-04-17,0,0,2.23866090124,0,0
2015-04-20,0,0,2.19948433547,0,0
2015-04-21,0,0,2.27866577155,0,0
2015-04-22,0,0,2.33813894818,0,0
2015-04-23,0,0,2.36339084882,0,0
2015-04-24,0,0,2.36764495235,0,0
2015-04-27,0,0,2.39439934031,0,0
2015-04-28,0,0,2.32663783898,0,0
2015-04-29,0,0,2.37386858711,0,0
2015-04-30,0,0,2.38787441178,0,0
2015-05-04,0,0,2.39742590943,0,0
2015-05-05,0,0,2.31135831928,0,0
2015-05-06,0,0,2.27899930281,0,0
2015-05-07,0,0,2.22908921808,0,0
2015-05-08,0,0,2.31268006375,0,0
2015-05-11,0,0,2.41281911051,0,0
2015-05-12,0,0,2.46517728521,0,0
2015-05-13,0,0,2.48736388078,0,0
2015-05-14,0,0,2.48437904412,0,0
2015-05-15,0,0,2.46500088758,0,0
2015-05-18,0,0,2.51011040382,0,0
2015-05-19,0,0,2.57236114184,0,0
2015-05-20,0,0,2.6153195729,0,0
2015-05-21,0,0,2.71182486514,0,0
2015-05-22,0,0,2.75656997542,0,0
2015-05-25,0,0,2.82989473676,0,0
2015-05-26,0,0,2.92384724203,0,0
2015-05-27,0,0,2.95864102421,0,0
2015-05-28,0,0,2.78112256275,0,0
2015-05-29,0,0,2.80976812515,0,0
2015-06-01,0,0,2.95643802128,0,0
2015-06-02,0,0,3.0696695975,0,0
2015-06-03,0,0,3.09606875604,0,0
2015-06-04,0,0,3.09513993541,0,0
2015-06-05,0,0,3.14590023035,0,0
2015-06-08,0,0,3.113812048,0,0
2015-06-09,0,0,3.10914132993,0,0
2015-06-10,0,0,3.16697135867,0,0
2015-06-11,0,0,3.21035886628,0,0
2015-06-12,0,0,3.26300875169,0,0
2015-06-15,0,0,3.20166418715,0,0
2015-06-16,0,0,3.07423795251,0,0
2015-06-17,0,0,3.13756725433,0,0
2015-06-18,0,0,3.03496880511,0,0
2015-06-19,0,0,2.82616295132,0,0
2015-06-23,0,0,2.84085899867,0,0
2015-06-24,0,0,2.90307381074,0,0
2015-06-25,0,0,2.80001469046,0,0
2015-06-26,0,0,2.56285344617,0,0
2015-06-29,0,0,2.3901171239,0,0
2015-06-30,0,0,2.50747187469,0,0
2015-07-01,0,0,2.36805643845,0,0
2015-07-02,0,0,2.20679179499,0,0
2015-07-03,0,0,2.07195681632,0,0
2015-07-06,0,0,2.04232783385,0,0
2015-07-07,0,0,1.90671726568,0,0
2015-07-08,0,0,1.86076537958,0,0
2015-07-09,0,0,1.9446858982,0,0
2015-07-10,0,0,2.04308700464,0,0
2015-07-13,0,0,2.17037132503,0,0
2015-07-14,0,0,2.2148639372,0,0
2015-07-15,0,0,2.0877307472,0,0
2015-07-16,0,0,2.13762751206,0,0
2015-07-17,0,0,2.25562455073,0,0
2015-07-20,0,0,2.29036116881,0,0
2015-07-21,0,0,2.32059393623,0,0
2015-07-22,0,0,2.35006547922,0,0
2015-07-23,0,0,2.42221248944,0,0
2015-07-24,0,0,2.38515263835,0,0
2015-07-27,0,0,2.20555064468,0,0
2015-07-28,0,0,2.16298351724,0,0
2015-07-29,0,0,2.26767191947,0,0
2015-07-30,0,0,2.20553770888,0,0
2015-07-31,0,0,2.18612897704,0,0
2015-08-03,0,0,2.1330060429,0,0
2015-08-04,0,0,2.24818836922,0,0
2015-08-05,0,0,2.21918673925,0,0
2015-08-06,0,0,2.20609353749,0,0
2015-08-07,0,0,2.26940842202,0,0
2015-08-10,0,0,2.37856696712,0,0
2015-08-11,0,0,2.38927051847,0,0
2015-08-12,0,0,2.36179390751,0,0
2015-08-13,0,0,2.41847696129,0,0
2015-08-14,0,0,2.44459651247,0,0
2015-08-17,0,0,2.49984439365,0,0
2015-08-18,0,0,2.31310601744,0,0
2015-08-19,0,0,2.36538221344,0,0
2015-08-20,0,0,2.2851957564,0,0
2015-08-21,0,0,2.16293778344,0,0
2015-08-24,0,0,1.98903758565,0,0
2015-08-25,0,0,1.83846744041,0,0
2015-08-26,0,0,1.76915721791,0,0
2015-08-27,0,0,1.83178538342,0,0
2015-08-28,0,0,1.9429747562,0,0
2015-08-31,0,0,1.86739303818,0,0
2015-09-01,0,0,1.74825336235,0,0
2015-09-02,0,0,1.73479181146,0,0
2015-09-07,0,0,1.74658839577,0,0
2015-09-08,0,0,1.81715056696,0,0
2015-09-09,0,0,1.86857592801,0,0
2015-09-10,0,0,1.83830499797,0,0
2015-09-11,0,0,1.85429825146,0,0
2015-09-14,0,0,1.72913311948,0,0
2015-09-15,0,0,1.63333914466,0,0
2015-09-16,0,0,1.74309953519,0,0
2015-09-17,0,0,1.71085219378,0,0
2015-09-18,0,0,1.73292218708,0,0
2015-09-21,0,0,1.79496080138,0,0
2015-09-22,0,0,1.80842300739,0,0
2015-09-23,0,0,1.78798782741,0,0
2015-09-24,0,0,1.81409244969,0,0
2015-09-25,0,0,1.75477162658,0,0
2015-09-28,0,0,1.78670847019,0,0
2015-09-29,0,0,1.75347569264,0,0
2015-09-30,0,0,1.75926216243,0,0
2015-10-08,0,0,1.83068820622,0,0
2015-10-09,0,0,1.85869773578,0,0
2015-10-12,0,0,1.9310010777,0,0
2015-10-13,0,0,1.95571789149,0,0
2015-10-14,0,0,1.9340094229,0,0
2015-10-15,0,0,1.99357691312,0,0
2015-10-16,0,0,2.02766707834,0,0
2015-10-19,0,0,2.02766707834,0,0
2015-10-20,0,0,2.06152911855,0,0
2015-10-21,0,0,1.93392046611,0,0
2015-10-22,0,0,2.00818301201,0,0
2015-10-23,0,0,2.05838758731,0,0
2015-10-26,0,0,2.07382549421,0,0
2015-10-27,0,0,2.08772012502,0,0
2015-10-28,0,0,2.03636220995,0,0
2015-10-29,0,0,2.0542821974,0,0
2015-10-30,0,0,2.04770849436,0,0
2015-11-02,0,0,2.00593524108,0,0
2015-11-03,0,0,2.00172277707,0,0
2015-11-04,0,0,2.10240943276,0,0
2015-11-05,0,0,2.10451184219,0,0
2015-11-06,0,0,2.15333651693,0,0
2015-11-09,0,0,2.181114558,0,0
2015-11-10,0,0,2.18940279332,0,0
2015-11-11,0,0,2.22114913382,0,0
2015-11-12,0,0,2.22026067417,0,0
2015-11-13,0,0,2.18762284226,0,0
2015-11-16,0.0,0.0,2.23075394684,0.0,0
2015-11-17,0.0,0.0,2.21045408592,0.0,0
2015-11-18,0.0,0.0,2.17446666943,0.0,0
2015-11-19,0.0,0.0,2.22991633057,0.0,0
2015-11-20,0.0,0.0,2.25504933906,0.0,0
2015-11-23,0.0,0.0,2.23718532577,0.0,0
2015-11-24,0.0,0.0,2.25284562305,0.0,0
2015-11-25,0.0,0.0,2.28833704092,0.0,0
2015-11-26,0.0,0.0,2.27409904903,0.0,0
2015-11-27,0.0,0.0,2.1299019244,0.0,0
