2015-09-17 10:30:00,3283.889,3309.496,3309.496,3254.761,5328997600
2015-09-17 11:30:00,3309.655,3324.066,3320.679,3287.614,2654189600
2015-09-17 14:00:00,3323.636,3348.531,3340.244,3313.241,3434264800
2015-09-17 15:00:00,3340.55,3354.734,3237.516,3237.281,5409063200
2015-09-18 10:30:00,3262.008,3272.041,3253.124,3236.666,3732230400
2015-09-18 11:30:00,3252.604,3260.504,3256.936,3234.859,1656281600
2015-09-18 14:00:00,3256.549,3280.877,3248.613,3246.981,1956655200
2015-09-18 15:00:00,3248.761,3273.951,3251.491,3227.948,3294435200
2015-09-21 10:30:00,3221.381,3261.454,3254.785,3212.749,3493584400
2015-09-21 11:30:00,3255.34,3276.717,3271.257,3247.309,1913125200
2015-09-21 14:00:00,3271.622,3300.421,3293.298,3271.622,2609030400
2015-09-21 15:00:00,3293.54,3312.206,3308.402,3269.325,4191880800
2015-09-22 10:30:00,3312.147,3357.401,3337.049,3303.184,5486812800
2015-09-22 11:30:00,3336.855,3350.151,3331.417,3316.927,2681702400
2015-09-22 14:00:00,3331.962,3351.214,3339.869,3329.379,2345986400
2015-09-22 15:00:00,3340.026,3371.414,3339.325,3336.96,4052495200
2015-09-23 10:30:00,3287.186,3315.852,3299.68,3285.251,4518070400
2015-09-23 11:30:00,3299.53,3299.53,3267.041,3262.864,2704852800
2015-09-23 14:00:00,3267.404,3285.525,3281.511,3253.457,1972808000
2015-09-23 15:00:00,3281.357,3297.961,3263.152,3259.015,3121412800
2015-09-24 10:30:00,3280.801,3300.705,3282.836,3280.801,3662223200
2015-09-24 11:30:00,3282.783,3288.943,3269.523,3256.065,1960280000
2015-09-24 14:00:00,3270.168,3285.687,3276.402,3268.352,1612338400
2015-09-24 15:00:00,3276.444,3291.549,3285.539,3265.354,2963231200
2015-09-25 10:30:00,3272.017,3290.59,3279.696,3265.49,3254795200
2015-09-25 11:30:00,3279.73,3280.093,3225.408,3207.065,3521000000
2015-09-25 14:00:00,3226.181,3239.433,3234.279,3213.877,1703585600
2015-09-25 15:00:00,3234.108,3244.226,3230.189,3202.227,3659663200
2015-09-28 10:30:00,3228.192,3231.168,3215.208,3186.747,2680842800
2015-09-28 11:30:00,3214.374,3241.145,3232.091,3207.751,1366711600
2015-09-28 14:00:00,3232.165,3235.806,3221.853,3214.911,1035026800
2015-09-28 15:00:00,3221.601,3246.287,3242.97,3218.321,2296282000
2015-09-29 10:30:00,3197.103,3207.979,3207.765,3191.433,2640354000
2015-09-29 11:30:00,3208.114,3208.3,3181.403,3174.814,1870531200
2015-09-29 14:00:00,3181.182,3189.76,3174.2,3174.035,1278598400
2015-09-29 15:00:00,3174.451,3197.657,3176.493,3159.042,2875689200
2015-09-30 10:30:00,3198.88,3209.796,3208.619,3193.471,2485312400
2015-09-30 11:30:00,3208.864,3209.223,3208.7,3186.939,1393456400
2015-09-30 14:00:00,3208.826,3223.646,3212.819,3207.791,1665649200
2015-09-30 15:00:00,3213.071,3221.899,3203.388,3203.146,2264166000
2015-10-08 10:30:00,3325.284,3325.493,3323.065,3300.179,5697657200
2015-10-08 11:30:00,3323.296,3334.968,3334.002,3318.719,2498151600
2015-10-08 14:00:00,3334.678,3337.18,3305.294,3305.211,2119094400
2015-10-08 15:00:00,3305.198,3310.508,3297.389,3294.687,2880035200
2015-10-09 10:30:00,3299.756,3327.497,3317.65,3294.787,3487632400
2015-10-09 11:30:00,3318.27,3324.236,3324.236,3304.966,2382184000
2015-10-09 14:00:00,3324.279,3346.077,3331.176,3324.279,2991351600
2015-10-09 15:00:00,3331.336,3352.144,3340.468,3330.75,3549433600
2015-10-12 10:30:00,3351.684,3411.766,3408.635,3347.503,6202170800
2015-10-12 11:30:00,3408.72,3462.604,3458.077,3407.471,5605711600
2015-10-12 14:00:00,3459.066,3486.259,3447.075,3435.624,5012300000
2015-10-12 15:00:00,3446.668,3458.183,3447.991,3441.857,5319864000
2015-10-13 10:30:00,3418.301,3448.619,3443.189,3414.174,5422690000
2015-10-13 11:30:00,3443.008,3444.228,3434.594,3414.2,3053804400
2015-10-13 14:00:00,3435.178,3448.737,3438.382,3425.777,2463961600
2015-10-13 15:00:00,3438.089,3451.876,3445.237,3430.178,3599526400
2015-10-14 10:30:00,3430.45,3452.307,3433.735,3416.382,5698644000
2015-10-14 11:30:00,3434.757,3458.545,3447.482,3434.621,3052872000
2015-10-14 14:00:00,3446.995,3446.995,3429.122,3417.22,2724191200
2015-10-14 15:00:00,3428.969,3438.291,3405.85,3403.528,3737257600
2015-10-15 10:30:00,3402.998,3434.229,3423.847,3402.357,4397872400
2015-10-15 11:30:00,3423.245,3454.828,3454.828,3422.896,3108758800
2015-10-15 14:00:00,3458.775,3477.046,3458.682,3453.313,4222784800
2015-10-15 15:00:00,3459.038,3486.8,3486.8,3458.596,5386414400
2015-10-16 10:30:00,3510.409,3534.855,3526.057,3503.348,7991189600
2015-10-16 11:30:00,3526.268,3532.686,3498.669,3487.311,4553285600
2015-10-16 14:00:00,3498.338,3523.019,3520.317,3492.547,3025512000
2015-10-16 15:00:00,3520.978,3537.371,3534.256,3511.204,5326483200
2015-10-19 10:30:00,3549.042,3568.313,3550.458,3524.006,8176595200
2015-10-19 11:30:00,3550.669,3572.673,3555.097,3550.198,3929406400
2015-10-19 14:00:00,3555.211,3555.211,3530.067,3516.265,3995377600
2015-10-19 15:00:00,3530.27,3536.943,3534.64,3502.593,4659296000
2015-10-20 10:30:00,3527.547,3546.136,3521.469,3510.443,5595696000
2015-10-20 11:30:00,3521.794,3539.11,3536.78,3521.282,2997020800
2015-10-20 14:00:00,3537.681,3554.519,3542.926,3526.196,3353056800
2015-10-20 15:00:00,3542.94,3577.798,3577.486,3536.827,5951229600
2015-10-21 10:30:00,3580.646,3596.522,3589.288,3561.851,7787114400
2015-10-21 11:30:00,3589.339,3592.354,3592.354,3556.517,4913325600
2015-10-21 14:00:00,3593.004,3601.243,3480.287,3458.411,7397969600
2015-10-21 15:00:00,3479.98,3501.347,3459.256,3418.566,8109196800
2015-10-22 10:30:00,3454.546,3497.28,3479.187,3454.546,5841904800
2015-10-22 11:30:00,3479.076,3506.036,3488.562,3478.312,3069174400
2015-10-22 14:00:00,3488.997,3489.829,3478.057,3442.475,3925454400
2015-10-22 15:00:00,3477.953,3530.431,3525.04,3475.007,5587933600
2015-10-23 10:30:00,3536.124,3553.517,3549.563,3520.359,7043304800
2015-10-23 11:30:00,3549.048,3549.048,3524.268,3516.025,3513405600
2015-10-23 14:00:00,3524.356,3561.678,3561.678,3516.494,3271198400
2015-10-23 15:00:00,3561.862,3581.76,3571.545,3548.319,6000427200
2015-10-26 10:30:00,3615.42,3619.714,3601.113,3587.23,8982295200
2015-10-26 11:30:00,3601.447,3613.201,3599.344,3589.043,3350284000
2015-10-26 14:00:00,3599.671,3620.756,3589.21,3579.495,3953374400
2015-10-26 15:00:00,3590.774,3601.808,3589.72,3561.192,4132336000
2015-10-27 10:30:00,3564.504,3568.371,3513.047,3508.047,7248771200
2015-10-27 11:30:00,3512.808,3522.156,3522.001,3486.246,3670795200
2015-10-27 14:00:00,3522.795,3556.911,3556.911,3519.594,2867553600
2015-10-27 15:00:00,3557.813,3600.635,3592.429,3551.952,5418494400
2015-10-28 10:30:00,3573.97,3598.171,3583.185,3567.395,6194552000
2015-10-28 11:30:00,3583.192,3587.085,3563.586,3549.854,3456193600
2015-10-28 14:00:00,3563.835,3571.279,3564.161,3534.676,3174701600
2015-10-28 15:00:00,3564.056,3564.4,3525.208,3517.448,4267407200
2015-10-29 10:30:00,3542.896,3548.938,3540.754,3515.903,4142188800
2015-10-29 11:30:00,3540.753,3541.739,3524.647,3508.181,2431865600
2015-10-29 14:00:00,3525.32,3551.148,3545.292,3520.188,2280229600
2015-10-29 15:00:00,3545.264,3561.746,3533.493,3526.509,3833095200
2015-10-30 10:30:00,3528.619,3532.057,3514.866,3497.623,4293643200
2015-10-30 11:30:00,3514.825,3541.783,3541.783,3511.474,1990278000
2015-10-30 14:00:00,3544.13,3572.694,3565.889,3542.263,3661406800
2015-10-30 15:00:00,3565.296,3574.473,3534.273,3532.61,3968864000
2015-11-02 10:30:00,3485.587,3524.653,3523.846,3478.346,4342595600
2015-11-02 11:30:00,3524.129,3543.377,3534.972,3521.494,2191644400
2015-11-02 14:00:00,3536.251,3538.298,3518.317,3516.681,2063893600
2015-11-02 15:00:00,3518.237,3518.274,3477.011,3474.712,4398864800
2015-11-03 10:30:00,3485.261,3501.532,3468.899,3466.174,3436332000
2015-11-03 11:30:00,3468.199,3484.869,3482.697,3458.091,2163984000
2015-11-03 14:00:00,3482.533,3495.56,3481.711,3472.356,1705046400
2015-11-03 15:00:00,3481.298,3481.882,3466.342,3452.84,2834824800
2015-11-04 10:30:00,3479.499,3537.205,3532.405,3479.499,4970934400
2015-11-04 11:30:00,3531.727,3564.451,3564.451,3531.086,3920094400
2015-11-04 14:00:00,3566.154,3591.508,3591.381,3554.807,4976280000
2015-11-04 15:00:00,3592.171,3628.308,3628.308,3591.735,6675078400
2015-11-05 10:30:00,3629.668,3743.905,3714.46,3627.301,14824980800
2015-11-05 11:30:00,3713.355,3744.608,3744.608,3691.931,8610193600
2015-11-05 14:00:00,3749.569,3781.114,3737.969,3737.363,9730246400
2015-11-05 15:00:00,3738.868,3752.924,3706.834,3691.961,6639235200
2015-11-06 10:30:00,3696.689,3735.929,3732.239,3695.079,8711200000
2015-11-06 11:30:00,3731.927,3736.869,3733.277,3706.668,5281512000
2015-11-06 14:00:00,3736.299,3785.143,3775.102,3736.237,7124033600
2015-11-06 15:00:00,3775.191,3801.525,3793.1,3764.444,8758563200
2015-11-09 10:30:00,3798.331,3891.69,3881.963,3798.297,16619860800
2015-11-09 11:30:00,3881.728,3881.728,3848.768,3847.486,6062734400
2015-11-09 14:00:00,3848.469,3871.671,3868.004,3830.638,5685494400
2015-11-09 15:00:00,3868.322,3871.78,3841.053,3836.848,7192412800
2015-11-10 10:30:00,3805.917,3835.6,3820.197,3798.985,8333627200
2015-11-10 11:30:00,3819.759,3876.263,3868.867,3815.365,6917188800
2015-11-10 14:00:00,3868.545,3872.711,3834.278,3806.994,5993672000
2015-11-10 15:00:00,3835.06,3862.039,3835.241,3828.505,7407473600
2015-11-11 10:30:00,3828.807,3833.056,3819.338,3805.406,7938412000
2015-11-11 11:30:00,3818.971,3819.093,3805.488,3792.281,4408647200
2015-11-11 14:00:00,3805.002,3815.75,3791.331,3781.567,4306953600
2015-11-11 15:00:00,3791.035,3842.898,3834.176,3791.035,6562662400
2015-11-12 10:30:00,3841.255,3843.308,3804.523,3798.97,8264556000
2015-11-12 11:30:00,3804.691,3812.414,3782.724,3777.245,4691468800
2015-11-12 14:00:00,3780.554,3802.168,3794.306,3771.274,3468919200
2015-11-12 15:00:00,3794.128,3819.889,3795.911,3790.398,5326032000
2015-11-13 10:30:00,3753.838,3793.458,3763.247,3751.237,7358006400
2015-11-13 11:30:00,3763.848,3768.445,3753.838,3727.594,4279109600
2015-11-13 14:00:00,3753.903,3778.229,3754.37,3743.887,3346375200
2015-11-13 15:00:00,3754.228,3785.806,3746.892,3743.523,5362086400
2015-11-16 10:30:00,3682.536,3728.958,3720.744,3680.483,6306750000
2015-11-16 11:30:00,3720.136,3741.368,3720.731,3720.136,2784467600
2015-11-16 14:00:00,3720.502,3736.239,3723.061,3710.192,2751444800
2015-11-16 15:00:00,3723.001,3764.15,3764.15,3722.937,4281267200
2015-11-17 10:30:00,3791.88,3846.208,3846.208,3789.076,9907761600
2015-11-17 11:30:00,3846.014,3852.729,3819.119,3809.324,5496862400
2015-11-17 14:00:00,3819.328,3825.695,3771.206,3766.64,4571702400
2015-11-17 15:00:00,3772.367,3783.342,3759.063,3750.394,4876980800
2015-11-18 10:30:00,3760.937,3768.24,3730.557,3722.32,5507754400
2015-11-18 11:30:00,3731.32,3769.921,3765.124,3730.584,3540409600
2015-11-18 14:00:00,3767.452,3771.478,3732.444,3727.413,3836528800
2015-11-18 15:00:00,3732.608,3765.318,3716.409,3706.697,5684256000
2015-11-19 10:30:00,3727.12,3741.566,3741.566,3717.346,4834919200
2015-11-19 11:30:00,3741.741,3742.422,3721.109,3714.722,2995638400
2015-11-19 14:00:00,3721.487,3754.629,3754.629,3717.297,2654785600
2015-11-19 15:00:00,3754.871,3774.691,3774.691,3738.934,4931823200
2015-11-20 10:30:00,3777.023,3793.502,3775.99,3767.656,6842021600
2015-11-20 11:30:00,3776.507,3782.489,3768.062,3757.478,3713038400
2015-11-20 14:00:00,3768.459,3788.585,3784.692,3768.459,3453850400
2015-11-20 15:00:00,3783.27,3783.653,3774.373,3757.026,4681366400
2015-11-23 10:30:00,3774.723,3789.219,3781.356,3764.4,6365343200
2015-11-23 11:30:00,3781.363,3802.576,3791.78,3776.342,3436555200
2015-11-23 14:00:00,3792.138,3794.354,3772.397,3768.121,3000438400
2015-11-23 15:00:00,3772.423,3772.423,3753.705,3743.732,4760344800
2015-11-24 10:30:00,3745.504,3750.036,3723.198,3719.231,4844150400
2015-11-24 11:30:00,3723.281,3724.698,3720.616,3702.852,2841435200
2015-11-24 14:00:00,3720.809,3746.537,3736.09,3710.952,3131489600
2015-11-24 15:00:00,3735.706,3754.169,3754.169,3727.391,3521252800
2015-11-25 10:30:00,3746.562,3751.451,3749.788,3736.057,4455747600
2015-11-25 11:30:00,3749.583,3757.7,3751.755,3740.388,2702659600
2015-11-25 14:00:00,3752.946,3779.53,3775.697,3752.946,3715909600
2015-11-25 15:00:00,3775.239,3781.839,3781.839,3759.79,4320177600
2015-11-26 10:30:00,3797.159,3805.614,3789.962,3784.065,6453398800
2015-11-26 11:30:00,3789.954,3791.712,3785.582,3766.23,2984809200
2015-11-26 14:00:00,3786.061,3794.964,3781.662,3780.916,3836889600
2015-11-26 15:00:00,3781.684,3783.927,3759.767,3756.974,4077449600
2015-11-27 10:30:00,3736.756,3742.64,3736.147,3718.058,4538020800
2015-11-27 11:30:00,3735.76,3735.772,3699.277,3693.894,3405087200
2015-11-27 14:00:00,3699.124,3699.124,3631.96,3624.664,5434847200
2015-11-27 15:00:00,3632.942,3637.285,3556.872,3534.879,7514403200
2015-11-30 10:30:00,3558.893,3587.86,3553.304,3543.816,5360696000
2015-11-30 11:30:00,3553.198,3564.755,3498.157,3498.157,3601866400
2015-11-30 14:00:00,3496.337,3543.428,3532.06,3455.068,4673920800
2015-11-30 15:00:00,3531.566,3578.708,3566.072,3518.89,3626044800
2015-12-01 10:30:00,3560.446,3565.941,3565.283,3536.42,4049474300
2015-12-01 11:30:00,3565.493,3575.617,3550.748,3543.214,2460724000
2015-12-01 14:00:00,3550.491,3616.876,3610.034,3547.402,3521381600
2015-12-01 15:00:00,3610.062,3615.709,3579.75,3579.711,1728805300
