2013-03-15,0.967,0.985,0.970,0.955,3259273
2013-03-18,0.955,0.972,0.954,0.953,936962
2013-03-19,0.956,0.960,0.960,0.941,1080500
2013-03-20,0.960,0.986,0.985,0.958,501195
2013-03-21,0.985,0.996,0.995,0.981,698244
2013-03-22,0.995,1.000,0.999,0.989,609433
2013-03-25,0.999,1.000,0.996,0.989,305027
2013-03-26,0.990,0.993,0.986,0.975,53698
2013-03-27,0.985,0.998,0.989,0.970,261330
2013-03-28,0.973,0.975,0.962,0.950,92337
2013-03-29,0.963,0.969,0.963,0.959,752013
2013-04-01,0.964,0.975,0.968,0.962,206581
2013-04-02,0.963,0.978,0.957,0.955,30991
2013-04-03,0.958,0.960,0.951,0.946,67983
2013-04-08,0.920,0.953,0.953,0.920,622151
2013-04-09,0.953,0.963,0.962,0.953,180617
2013-04-10,0.955,0.965,0.959,0.953,68806
2013-04-11,0.965,0.965,0.957,0.953,148657
2013-04-15,0.944,0.944,0.932,0.929,53918
2013-04-16,0.914,0.944,0.943,0.914,84854
2013-04-17,0.942,0.953,0.951,0.940,109547
2013-04-18,0.931,0.959,0.954,0.931,49992
2013-04-19,0.956,0.976,0.974,0.956,72931
2013-04-22,0.970,0.980,0.980,0.969,38986
2013-04-23,0.975,0.978,0.952,0.951,59785
2013-04-24,0.953,0.971,0.971,0.951,33109
2013-04-25,0.972,0.977,0.959,0.959,194566
2013-04-26,0.960,0.961,0.943,0.940,139317
2013-05-02,0.940,0.949,0.946,0.936,149678
2013-05-03,0.954,0.968,0.966,0.954,99260
2013-05-06,0.966,0.985,0.983,0.966,218750
2013-05-07,0.981,0.989,0.985,0.979,182404
2013-05-08,0.984,0.996,0.995,0.984,169101
2013-05-09,0.995,0.997,0.995,0.985,81281
2013-05-10,0.992,1.002,1.001,0.992,231993
2013-05-13,0.997,1.006,1.004,0.997,232168
2013-05-14,1.003,1.003,0.993,0.988,111260
2013-05-15,0.994,1.008,1.008,0.994,286416
2013-05-16,1.001,1.023,1.019,1.000,320783
2013-05-17,1.011,1.037,1.033,1.011,277023
2013-05-20,1.040,1.048,1.046,1.032,298205
2013-05-21,1.046,1.060,1.058,1.043,287895
2013-05-22,1.056,1.062,1.050,1.045,405936
2013-05-23,1.049,1.060,1.042,1.040,130442
2013-05-24,1.042,1.058,1.057,1.040,159660
2013-05-28,1.068,1.072,1.071,1.054,81982
2013-05-29,1.071,1.080,1.077,1.071,72717
2013-05-30,1.078,1.083,1.080,1.072,138719
2013-05-31,1.080,1.088,1.076,1.075,57540
2013-06-03,1.057,1.079,1.069,1.057,38302
2013-06-04,1.064,1.066,1.047,1.038,86852
2013-06-05,1.046,1.055,1.051,1.042,27112
2013-06-06,1.049,1.049,1.032,1.032,48548
2013-06-07,1.033,1.038,1.013,1.008,73539
2013-06-13,1.008,1.008,0.984,0.966,46612
2013-06-14,0.984,1.007,1.006,0.984,71502
2013-06-17,1.010,1.014,1.006,1.000,91162
2013-06-18,1.011,1.013,1.009,0.998,23273
2013-06-19,1.009,1.009,1.005,0.990,182892
2013-06-20,0.997,1.002,0.973,0.972,123985
2013-06-21,0.970,0.972,0.966,0.938,200857
2013-06-24,0.967,0.967,0.908,0.899,51936
2013-06-25,0.907,0.928,0.904,0.838,265349
2013-06-26,0.900,0.922,0.922,0.898,107005
2013-06-27,0.925,0.938,0.906,0.904,70677
2013-06-28,0.910,0.924,0.908,0.894,32684
2013-07-01,0.907,0.981,0.925,0.902,131081
2013-07-02,0.923,0.943,0.942,0.922,38897
2013-07-03,0.927,0.944,0.942,0.900,35898
2013-07-04,0.936,0.961,0.950,0.933,22960
2013-07-05,0.955,0.962,0.946,0.946,38722
2013-07-08,0.920,0.946,0.911,0.911,21116
2013-07-09,0.908,0.916,0.914,0.904,11148
2013-07-10,0.914,0.944,0.943,0.914,26172
2013-07-11,0.947,0.979,0.971,0.945,45124
2013-07-12,0.969,0.981,0.963,0.961,43731
2013-07-15,0.969,0.981,0.980,0.964,35475
2013-07-16,0.980,0.992,0.992,0.975,26874
2013-07-17,0.988,0.997,0.979,0.975,19628
2013-07-18,0.970,0.983,0.977,0.967,17654
2013-07-19,0.977,0.985,0.955,0.955,20164
2013-07-22,0.951,0.973,0.973,0.944,12801
2013-07-23,0.975,0.997,0.996,0.974,37278
2013-07-24,0.993,1.005,1.001,0.985,27967
2013-07-25,1.009,1.009,0.984,0.982,18895
2013-07-26,0.978,0.987,0.982,0.970,27178
2013-07-29,0.973,0.980,0.962,0.962,8542
2013-07-30,0.962,0.968,0.957,0.942,28636
2013-07-31,0.958,0.974,0.963,0.958,31050
2013-08-01,0.966,0.990,0.990,0.965,67234
2013-08-02,0.993,1.001,0.992,0.991,25838
2013-08-05,0.991,1.009,1.009,0.991,38805
2013-08-06,0.960,1.023,1.019,0.960,34761
2013-08-07,1.018,1.024,1.006,1.005,186075
2013-08-08,1.001,1.017,1.008,1.001,178031
2013-08-09,1.014,1.020,1.013,1.002,17844
2013-08-12,1.013,1.032,1.031,1.013,69252
2013-08-13,1.028,1.035,1.035,1.028,146122
2013-08-14,1.032,1.040,1.030,1.026,108316
2013-08-15,1.029,1.033,1.017,1.016,18041
2013-08-16,1.011,1.033,0.995,0.995,88424
2013-08-19,0.989,1.013,1.012,0.988,196289
2013-08-20,1.009,1.018,1.006,1.004,15723
2013-08-21,1.006,1.015,1.013,1.005,11203
2013-08-22,1.015,1.022,1.018,1.012,30062
2013-08-23,1.001,1.025,1.015,0.998,28488
2013-08-26,1.017,1.038,1.037,1.015,46370
2013-08-27,1.036,1.045,1.045,1.035,38817
2013-08-28,1.039,1.048,1.039,1.021,30967
2013-08-29,1.039,1.042,1.039,1.030,26617
2013-08-30,1.036,1.045,1.028,1.023,65511
2013-09-02,1.032,1.035,1.030,1.020,13614
2013-09-03,1.026,1.052,1.050,1.026,93157
2013-09-04,1.048,1.054,1.049,1.042,31260
2013-09-05,1.042,1.058,1.055,1.041,68318
2013-09-06,1.047,1.065,1.063,1.046,130806
2013-09-09,1.068,1.075,1.071,1.051,49635
2013-09-10,1.071,1.083,1.080,1.068,33417
2013-09-11,1.082,1.086,1.076,1.040,18575
2013-09-12,1.000,1.082,1.070,1.000,35975
2013-09-13,1.070,1.088,1.073,1.064,17390
2013-09-16,1.066,1.083,1.072,1.066,17141
2013-09-17,1.072,1.074,1.069,1.065,10074
2013-09-18,1.066,1.079,1.072,1.059,6230
2013-09-23,1.070,1.097,1.093,1.070,30002
2013-09-24,1.099,1.099,1.093,1.082,21242
2013-09-25,1.086,1.102,1.095,1.086,59830
2013-09-26,1.080,1.095,1.082,1.076,12006
2013-09-27,1.071,1.081,1.076,1.070,6896
2013-09-30,1.078,1.099,1.099,1.076,16589
2013-10-08,1.089,1.104,1.103,1.053,31137
2013-10-09,1.103,1.116,1.116,1.100,41981
2013-10-10,1.123,1.123,1.111,1.093,121992
2013-10-11,1.102,1.128,1.128,1.102,37673
2013-10-14,1.134,1.140,1.139,1.129,51590
2013-10-15,1.140,1.144,1.142,1.133,24694
2013-10-16,1.133,1.135,1.110,1.105,130854
2013-10-17,1.119,1.124,1.102,1.100,287498
2013-10-18,1.115,1.115,1.113,1.102,34286
2013-10-21,1.113,1.140,1.140,1.111,35083
2013-10-22,1.129,1.145,1.129,1.126,30905
2013-10-23,1.129,1.135,1.101,1.094,108347
2013-10-24,1.095,1.102,1.097,1.089,124675
2013-10-25,1.096,1.096,1.068,1.062,53354
2013-10-28,1.070,1.073,1.066,1.059,32392
2013-10-29,1.060,1.073,1.037,1.011,96134
2013-10-30,1.036,1.055,1.054,1.033,33874
2013-10-31,1.055,1.055,1.042,1.041,19223
2013-11-01,1.051,1.051,1.038,1.027,19411
2013-11-04,1.040,1.049,1.043,1.039,22816
2013-11-05,1.038,1.058,1.057,1.033,25237
2013-11-06,1.051,1.065,1.049,1.048,12914
2013-11-07,1.046,1.046,1.033,1.031,18134
2013-11-08,1.033,1.033,1.018,1.015,8453
2013-11-11,1.020,1.025,1.022,1.010,623468
2013-11-12,1.024,1.030,1.030,1.019,42779
2013-11-13,1.030,1.030,1.013,1.011,49477
2013-11-14,1.007,1.025,1.025,1.003,68331
2013-11-15,1.025,1.055,1.047,1.025,88916
2013-11-18,1.057,1.072,1.071,1.051,89993
2013-11-19,1.070,1.079,1.076,1.067,133265
2013-11-20,1.079,1.087,1.087,1.072,87511
2013-11-21,1.087,1.087,1.083,1.075,72575
2013-11-22,1.083,1.088,1.077,1.075,73642
2013-11-25,1.077,1.085,1.073,1.070,155993
2013-11-26,1.077,1.078,1.077,1.069,38927
2013-11-27,1.074,1.089,1.088,1.074,64952
2013-11-28,1.087,1.105,1.099,1.087,121067
2013-11-29,1.106,1.106,1.104,1.097,47253
2013-12-02,1.080,1.093,1.057,1.000,97495
2013-12-03,1.025,1.081,1.080,1.025,75557
2013-12-04,1.080,1.108,1.100,1.080,69697
2013-12-05,1.097,1.107,1.100,1.063,16409
2013-12-06,1.086,1.102,1.098,1.086,27764
2013-12-09,1.102,1.160,1.105,1.098,35462
2013-12-10,1.106,1.110,1.105,1.100,41106
2013-12-11,1.105,1.105,1.094,1.087,29658
2013-12-12,1.092,1.104,1.096,1.092,34119
2013-12-13,1.065,1.100,1.098,1.062,50653
2013-12-16,1.098,1.099,1.079,1.078,33396
2013-12-17,1.079,1.079,1.072,1.069,62821
2013-12-18,1.073,1.077,1.070,1.069,16481
2013-12-19,1.077,1.079,1.062,1.060,11045
2013-12-20,1.062,1.064,1.048,1.044,21531
2013-12-23,1.042,1.051,1.046,1.031,31344
2013-12-24,1.047,1.063,1.052,1.046,52610
2013-12-25,1.055,1.066,1.065,1.049,57504
2013-12-26,1.064,1.065,1.046,1.046,43378
2013-12-27,1.048,1.066,1.063,1.045,33351
2013-12-30,1.067,1.071,1.066,1.063,36004
2013-12-31,1.066,1.072,1.071,1.058,1869528
2014-01-02,1.067,1.077,1.077,1.066,45410
2014-01-03,1.073,1.074,1.070,1.062,570060
2014-01-06,1.061,1.061,1.040,1.039,2993850
2014-01-07,1.040,1.047,1.044,1.033,40714
2014-01-08,1.044,1.055,1.045,1.041,458648
2014-01-09,1.045,1.054,1.035,1.035,257454
2014-01-10,1.034,1.034,1.015,1.013,220834
2014-01-13,1.015,1.022,1.010,1.004,285934
2014-01-14,1.011,1.028,1.028,1.006,26449
2014-01-15,1.028,1.036,1.034,1.026,67882
2014-01-16,1.036,1.043,1.040,1.034,7743
2014-01-17,1.038,1.038,1.026,1.026,6463
2014-01-20,1.026,1.027,1.019,1.013,31241
2014-01-21,1.019,1.033,1.031,1.015,12079
2014-01-22,1.043,1.062,1.062,1.038,50410
2014-01-23,1.062,1.076,1.070,1.061,1176008
2014-01-24,1.060,1.089,1.087,1.060,2230229
2014-01-27,1.083,1.097,1.086,1.076,324888
2014-01-28,1.082,1.094,1.084,1.075,339111
2014-01-29,1.085,1.094,1.092,1.084,19326
2014-01-30,1.090,1.093,1.086,1.082,44737
2014-02-07,1.080,1.107,1.107,1.077,48217
2014-02-10,1.107,1.140,1.139,1.107,330214
2014-02-11,1.132,1.148,1.142,1.128,544162
2014-02-12,1.145,1.154,1.154,1.138,647510
2014-02-13,1.149,1.158,1.137,1.136,86482
2014-02-14,1.139,1.156,1.156,1.135,88019
2014-02-17,1.158,1.178,1.178,1.158,89775
2014-02-18,1.181,1.183,1.175,1.170,929749
2014-02-19,1.176,1.183,1.176,1.168,183306
2014-02-20,1.176,1.178,1.159,1.155,76246
2014-02-21,1.161,1.161,1.152,1.141,331050
2014-02-24,1.137,1.150,1.147,1.129,191017
2014-02-25,1.145,1.157,1.107,1.099,232890
2014-02-26,1.103,1.114,1.113,1.084,406604
2014-02-27,1.113,1.132,1.098,1.097,187747
2014-02-28,1.098,1.110,1.110,1.083,169937
2014-03-03,1.111,1.134,1.133,1.108,112427
2014-03-04,1.134,1.135,1.132,1.120,443053
2014-03-05,1.133,1.138,1.126,1.125,557253
2014-03-06,1.127,1.130,1.125,1.112,218702
2014-03-07,1.128,1.132,1.121,1.116,77956
2014-03-10,1.116,1.116,1.079,1.077,132245
2014-03-11,1.089,1.089,1.080,1.070,382282
2014-03-12,1.079,1.087,1.080,1.064,113235
2014-03-13,1.080,1.092,1.092,1.078,93850
2014-03-14,1.091,1.093,1.085,1.079,285394
2014-03-17,1.094,1.109,1.109,1.085,148410
2014-03-18,1.110,1.120,1.115,1.110,81681
2014-03-19,1.109,1.113,1.111,1.100,86058
2014-03-20,1.111,1.118,1.083,1.083,49450
2014-03-21,1.082,1.116,1.103,1.069,190931
2014-03-24,1.111,1.116,1.113,1.101,137744
2014-03-25,1.113,1.120,1.113,1.107,94507
2014-03-26,1.115,1.120,1.117,1.114,153844
2014-03-27,1.117,1.117,1.102,1.099,154365
2014-03-28,1.100,1.103,1.078,1.076,240664
2014-03-31,1.080,1.095,1.072,1.066,80191
2014-04-01,1.072,1.089,1.089,1.071,147857
2014-04-02,1.093,1.095,1.090,1.086,133183
2014-04-03,1.089,1.095,1.088,1.084,112266
2014-04-04,1.085,1.100,1.099,1.085,191588
2014-04-08,1.100,1.113,1.112,1.095,194779
2014-04-09,1.114,1.122,1.122,1.114,214463
2014-04-10,1.125,1.131,1.127,1.121,369998
2014-04-11,1.124,1.125,1.122,1.117,126417
2014-04-14,1.122,1.132,1.131,1.121,169409
2014-04-15,1.131,1.131,1.123,1.121,114040
2014-04-16,1.121,1.123,1.122,1.115,137799
2014-04-17,1.123,1.126,1.121,1.120,69674
2014-04-18,1.113,1.126,1.126,1.113,169563
2014-04-21,1.123,1.127,1.107,1.106,179995
2014-04-22,1.110,1.110,1.101,1.085,231455
2014-04-23,1.099,1.104,1.096,1.093,184250
2014-04-24,1.096,1.097,1.085,1.085,96219
2014-04-25,1.085,1.085,1.061,1.061,264681
2014-04-28,1.068,1.068,1.029,1.029,88231
2014-04-29,1.031,1.043,1.043,1.029,258880
2014-04-30,1.040,1.053,1.051,1.039,183941
2014-05-05,1.050,1.060,1.060,1.046,63956
2014-05-06,1.058,1.069,1.064,1.058,126115
2014-05-07,1.061,1.061,1.047,1.046,91550
2014-05-08,1.046,1.061,1.048,1.043,90538
2014-05-09,1.047,1.048,1.038,1.030,162227
2014-05-12,1.042,1.065,1.065,1.042,118865
2014-05-13,1.067,1.067,1.063,1.023,149219
2014-05-14,1.061,1.066,1.060,1.058,56957
2014-05-15,1.061,1.061,1.043,1.041,28837
2014-05-16,1.042,1.042,1.041,1.030,124790
2014-05-19,1.039,1.039,1.033,1.029,92369
2014-05-20,1.038,1.048,1.038,1.037,229378
2014-05-21,1.038,1.047,1.047,1.025,169798
2014-05-22,1.047,1.060,1.047,1.046,194965
2014-05-23,1.048,1.060,1.060,1.047,132238
2014-05-26,1.067,1.071,1.071,1.063,123939
2014-05-27,1.070,1.073,1.067,1.065,127300
2014-05-28,1.067,1.082,1.080,1.066,140893
2014-05-29,1.078,1.084,1.068,1.067,139715
2014-05-30,1.068,1.074,1.071,1.062,105174
2014-06-03,1.074,1.076,1.068,1.068,140966
2014-06-04,1.068,1.068,1.060,1.052,55970
2014-06-05,1.060,1.072,1.072,1.059,74501
2014-06-06,1.072,1.073,1.069,1.062,79212
2014-06-09,1.067,1.072,1.061,1.060,60770
2014-06-10,1.065,1.075,1.075,1.059,57838
2014-06-11,1.075,1.080,1.080,1.072,237570
2014-06-12,1.078,1.079,1.078,1.073,28117
2014-06-13,1.077,1.091,1.090,1.076,97927
2014-06-16,1.091,1.096,1.095,1.090,132988
2014-06-17,1.095,1.095,1.086,1.085,85643
2014-06-18,1.087,1.088,1.081,1.079,96207
2014-06-19,1.081,1.082,1.051,1.048,194174
2014-06-20,1.051,1.061,1.061,1.051,120238
2014-06-23,1.062,1.074,1.069,1.055,102736
2014-06-24,1.069,1.077,1.076,1.068,79449
2014-06-25,1.073,1.073,1.070,1.066,41072
2014-06-26,1.070,1.084,1.084,1.070,59089
2014-06-27,1.086,1.096,1.090,1.081,89816
2014-06-30,1.090,1.102,1.101,1.090,94069
2014-07-01,1.101,1.109,1.109,1.099,110355
2014-07-02,1.108,1.117,1.117,1.105,90632
2014-07-03,1.117,1.130,1.128,1.114,225989
2014-07-04,1.128,1.129,1.125,1.122,59466
2014-07-07,1.125,1.131,1.127,1.120,107184
2014-07-08,1.129,1.135,1.135,1.119,199239
2014-07-09,1.131,1.137,1.118,1.117,114866
2014-07-10,1.117,1.125,1.117,1.116,174020
2014-07-11,1.116,1.134,1.132,1.116,184614
2014-07-14,1.134,1.149,1.148,1.132,339807
2014-07-15,1.148,1.152,1.150,1.141,234745
2014-07-16,1.149,1.154,1.141,1.137,159169
2014-07-17,1.141,1.141,1.133,1.125,139911
2014-07-18,1.130,1.143,1.135,1.127,195350
2014-07-21,1.135,1.138,1.132,1.128,100606
2014-07-22,1.132,1.148,1.148,1.132,299477
2014-07-23,1.148,1.152,1.140,1.136,63827
2014-07-24,1.142,1.146,1.139,1.126,163837
2014-07-25,1.138,1.150,1.149,1.138,299235
2014-07-28,1.150,1.170,1.169,1.150,125090
2014-07-29,1.169,1.185,1.180,1.169,538767
2014-07-30,1.181,1.190,1.182,1.175,382908
2014-07-31,1.184,1.197,1.196,1.182,236969
2014-08-01,1.198,1.200,1.185,1.180,250150
2014-08-04,1.185,1.201,1.201,1.184,384006
2014-08-05,1.202,1.207,1.206,1.197,114983
2014-08-06,1.209,1.218,1.215,1.200,91012
2014-08-07,1.210,1.222,1.204,1.202,124457
2014-08-08,1.201,1.213,1.210,1.201,363002
2014-08-11,1.214,1.229,1.229,1.213,229268
2014-08-12,1.231,1.236,1.236,1.227,191549
2014-08-13,1.239,1.239,1.236,1.221,292955
2014-08-14,1.236,1.244,1.228,1.225,121924
2014-08-15,1.225,1.245,1.243,1.225,229978
2014-08-18,1.249,1.265,1.261,1.247,483837
2014-08-19,1.266,1.268,1.264,1.252,246770
2014-08-20,1.256,1.272,1.264,1.256,277516
2014-08-21,1.264,1.266,1.262,1.248,152330
2014-08-22,1.262,1.272,1.270,1.257,105418
2014-08-25,1.275,1.276,1.260,1.258,172403
2014-08-26,1.260,1.263,1.240,1.233,275893
2014-08-27,1.240,1.245,1.241,1.236,750628
2014-08-28,1.239,1.244,1.230,1.226,324406
2014-08-29,1.223,1.245,1.245,1.223,156115
2014-09-01,1.252,1.266,1.266,1.247,139270
2014-09-02,1.270,1.287,1.286,1.268,317963
2014-09-03,1.297,1.300,1.296,1.283,354167
2014-09-04,1.295,1.307,1.305,1.291,430784
2014-09-05,1.310,1.314,1.311,1.299,417267
2014-09-09,1.315,1.322,1.321,1.303,410829
2014-09-10,1.315,1.324,1.323,1.309,200847
2014-09-11,1.325,1.339,1.321,1.310,287981
2014-09-12,1.318,1.340,1.337,1.316,361165
2014-09-15,1.331,1.351,1.349,1.331,318040
2014-09-16,1.350,1.353,1.305,1.303,430022
2014-09-17,1.303,1.317,1.316,1.292,728167
2014-09-18,1.311,1.325,1.325,1.307,330918
2014-09-19,1.325,1.339,1.337,1.321,355869
2014-09-22,1.335,1.335,1.318,1.314,459554
2014-09-23,1.317,1.336,1.336,1.317,474776
2014-09-24,1.333,1.355,1.354,1.329,578054
2014-09-25,1.360,1.366,1.352,1.345,417953
2014-09-26,1.350,1.359,1.357,1.340,375214
2014-09-29,1.359,1.372,1.372,1.358,359500
2014-09-30,1.372,1.383,1.381,1.371,334129
2014-10-08,1.385,1.405,1.405,1.380,504634
2014-10-09,1.406,1.409,1.406,1.386,455128
2014-10-10,1.402,1.407,1.399,1.391,338209
2014-10-13,1.385,1.400,1.400,1.377,1005013
2014-10-14,1.397,1.408,1.394,1.384,476332
2014-10-15,1.393,1.401,1.400,1.382,498673
2014-10-16,1.393,1.406,1.379,1.378,573900
2014-10-17,1.377,1.380,1.365,1.339,523399
2014-10-20,1.370,1.384,1.384,1.367,554315
2014-10-21,1.384,1.388,1.371,1.370,691545
2014-10-22,1.369,1.376,1.354,1.353,442437
2014-10-23,1.352,1.357,1.337,1.329,441612
2014-10-24,1.345,1.349,1.341,1.335,258572
2014-10-27,1.335,1.351,1.351,1.330,339755
2014-10-28,1.353,1.384,1.383,1.353,417908
2014-10-29,1.389,1.405,1.404,1.382,527262
2014-10-30,1.403,1.411,1.401,1.397,596437
2014-10-31,1.402,1.408,1.402,1.387,476377
2014-11-03,1.404,1.414,1.413,1.403,739758
2014-11-04,1.411,1.415,1.405,1.399,484259
2014-11-05,1.406,1.408,1.403,1.398,679358
2014-11-06,1.403,1.413,1.413,1.393,733737
2014-11-07,1.413,1.418,1.398,1.391,735614
2014-11-10,1.409,1.413,1.413,1.390,648296
2014-11-11,1.414,1.415,1.370,1.357,560228
2014-11-12,1.365,1.394,1.393,1.363,825339
2014-11-13,1.392,1.395,1.382,1.372,784397
2014-11-14,1.378,1.381,1.378,1.364,811051
2014-11-17,1.377,1.400,1.393,1.376,570660
2014-11-18,1.391,1.397,1.392,1.389,596455
2014-11-19,1.392,1.405,1.399,1.392,859223
2014-11-20,1.394,1.401,1.397,1.393,379421
2014-11-21,1.397,1.413,1.413,1.397,824607
2014-11-24,1.421,1.441,1.436,1.421,968707
2014-11-25,1.434,1.457,1.457,1.434,849785
2014-11-26,1.462,1.467,1.462,1.451,1207070
2014-11-27,1.465,1.474,1.474,1.460,512316
2014-11-28,1.470,1.478,1.469,1.457,517190
2014-12-01,1.471,1.471,1.462,1.453,421008
2014-12-02,1.455,1.482,1.481,1.455,1079298
2014-12-03,1.482,1.537,1.500,1.472,1042035
2014-12-04,1.510,1.539,1.530,1.499,767723
2014-12-05,1.533,1.543,1.499,1.452,579774
2014-12-08,1.469,1.527,1.519,1.469,500991
2014-12-09,1.515,1.533,1.457,1.451,498932
2014-12-10,1.438,1.522,1.514,1.438,543682
2014-12-11,1.510,1.540,1.533,1.499,532403
2014-12-12,1.522,1.546,1.542,1.522,1090344
2014-12-15,1.541,1.568,1.567,1.531,709463
2014-12-16,1.569,1.572,1.570,1.554,577142
2014-12-17,1.567,1.567,1.558,1.540,644032
2014-12-18,1.552,1.569,1.562,1.540,421723
2014-12-19,1.555,1.565,1.548,1.520,635868
2014-12-22,1.535,1.547,1.489,1.480,624909
2014-12-23,1.480,1.497,1.456,1.453,418322
2014-12-24,1.449,1.475,1.475,1.449,607115
2014-12-25,1.473,1.504,1.504,1.472,604261
2014-12-26,1.503,1.520,1.519,1.493,278916
2014-12-29,1.519,1.528,1.496,1.491,638618
2014-12-30,1.495,1.503,1.470,1.469,1038062
2014-12-31,1.479,1.510,1.489,1.460,548242
2015-01-05,1.505,1.521,1.513,1.486,295554
2015-01-06,1.500,1.537,1.536,1.490,261689
2015-01-07,1.549,1.549,1.537,1.522,149016
2015-01-08,1.536,1.539,1.523,1.515,178143
2015-01-09,1.511,1.539,1.515,1.511,381392
2015-01-12,1.512,1.512,1.493,1.486,288183
2015-01-13,1.486,1.520,1.514,1.470,490084
2015-01-14,1.505,1.519,1.508,1.498,519597
2015-01-15,1.506,1.535,1.533,1.484,423803
2015-01-16,1.530,1.547,1.547,1.520,416922
2015-01-19,1.500,1.534,1.480,1.464,426044
2015-01-20,1.487,1.532,1.532,1.486,229585
2015-01-21,1.539,1.572,1.570,1.536,399769
2015-01-22,1.577,1.600,1.596,1.571,506561
2015-01-23,1.598,1.610,1.581,1.572,280571
2015-01-26,1.579,1.616,1.615,1.575,482468
2015-01-27,1.617,1.623,1.619,1.589,511174
2015-01-28,1.602,1.629,1.611,1.602,792161
2015-01-29,1.602,1.612,1.601,1.591,380563
2015-01-30,1.598,1.611,1.582,1.581,585053
2015-02-02,1.575,1.588,1.575,1.556,335481
2015-02-03,1.579,1.607,1.604,1.579,439508
2015-02-04,1.604,1.611,1.596,1.594,334981
2015-02-05,1.620,1.628,1.585,1.584,888782
2015-02-06,1.585,1.588,1.554,1.546,756697
2015-02-09,1.555,1.559,1.545,1.540,385634
2015-02-10,1.536,1.565,1.564,1.536,283423
2015-02-11,1.565,1.584,1.581,1.565,408031
2015-02-12,1.585,1.596,1.594,1.582,238317
2015-02-13,1.599,1.628,1.619,1.599,594836
2015-02-16,1.619,1.652,1.651,1.619,381073
2015-02-17,1.655,1.666,1.659,1.648,330125
2015-02-25,1.661,1.670,1.655,1.650,566216
2015-02-26,1.654,1.676,1.675,1.653,605478
2015-02-27,1.680,1.692,1.692,1.673,452622
2015-03-02,1.701,1.729,1.728,1.695,635989
2015-03-03,1.712,1.742,1.716,1.710,1134720
2015-03-04,1.705,1.750,1.749,1.705,908846
2015-03-05,1.743,1.749,1.745,1.723,722550
2015-03-06,1.739,1.749,1.720,1.717,814206
2015-03-09,1.704,1.749,1.749,1.701,671518
2015-03-10,1.747,1.768,1.759,1.740,367514
2015-03-11,1.763,1.763,1.758,1.748,425777
2015-03-12,1.761,1.763,1.756,1.742,571702
2015-03-13,1.758,1.778,1.778,1.756,547757
2015-03-16,1.785,1.836,1.835,1.785,632509
2015-03-17,1.837,1.870,1.860,1.830,897557
2015-03-18,1.860,1.893,1.889,1.854,883295
2015-03-19,1.888,1.908,1.908,1.875,573328
2015-03-20,1.905,1.928,1.925,1.900,927600
2015-03-23,1.935,2.002,1.999,1.933,581838
2015-03-24,1.985,1.990,1.981,1.910,811615
2015-03-25,1.972,2.014,1.999,1.965,623942
2015-03-26,1.983,2.020,1.983,1.961,456687
2015-03-27,1.979,2.022,2.015,1.979,622475
2015-03-30,2.026,2.059,2.050,2.016,551817
2015-03-31,2.055,2.065,2.042,2.026,403956
2015-04-01,2.040,2.105,2.095,2.038,345968
2015-04-02,2.110,2.138,2.132,2.099,309230
2015-04-03,2.117,2.167,2.164,2.103,583932
2015-04-07,2.190,2.299,2.219,2.171,650716
2015-04-08,2.219,2.237,2.187,2.147,480247
2015-04-09,2.182,2.186,2.176,2.091,1590903
2015-04-10,2.165,2.249,2.243,2.151,376903
2015-04-15,8.100,8.100,7.818,7.790,260645
2015-04-16,7.800,7.960,7.887,7.480,175806
2015-04-17,7.897,8.000,7.941,7.887,311206
2015-04-20,7.800,8.009,7.821,7.780,137487
2015-04-21,7.820,8.110,8.100,7.801,848282
2015-04-22,8.130,8.368,8.350,8.125,163581
2015-04-23,8.361,8.452,8.403,8.282,143090
2015-04-24,8.300,8.467,8.432,8.151,174120
2015-04-27,8.430,8.597,8.524,8.418,99900
2015-04-28,8.547,8.600,8.269,8.182,169300
2015-04-29,8.202,8.469,8.449,8.200,124215
2015-04-30,8.455,8.585,8.503,8.455,76922
2015-05-04,8.501,8.581,8.561,8.427,70912
2015-05-05,8.530,8.530,8.240,8.188,288326
2015-05-06,8.255,8.422,8.099,8.000,308308
2015-05-07,8.046,8.108,7.929,7.925,132994
2015-05-08,7.940,8.721,8.280,7.940,210930
2015-05-11,8.450,8.716,8.714,8.307,209851
2015-05-12,8.719,8.897,8.816,8.623,198231
2015-05-13,8.670,8.970,8.897,8.670,128923
2015-05-14,8.870,8.924,8.862,8.770,89131
2015-05-15,8.848,8.869,8.812,8.670,129740
2015-05-18,8.790,8.996,8.979,8.746,102521
2015-05-19,8.991,9.280,9.207,8.944,168371
2015-05-20,9.265,9.548,9.363,9.240,202071
2015-05-21,9.391,9.798,9.788,9.370,230655
2015-05-22,9.850,10.000,9.921,9.500,336334
2015-05-25,9.700,10.140,10.101,9.693,143581
2015-05-26,10.101,10.550,10.503,10.101,258953
2015-05-27,10.545,10.729,10.619,10.247,228146
2015-05-28,10.609,10.735,9.933,9.911,199013
2015-05-29,10.000,10.420,10.136,9.551,250833
2015-06-01,10.078,10.880,10.778,9.999,450440
2015-06-02,10.779,11.070,11.064,10.670,2108909
2015-06-03,11.034,11.190,10.989,10.686,1128758
2015-06-04,10.964,11.088,11.010,9.890,2820039
2015-06-05,11.000,11.289,11.268,10.900,418875
2015-06-08,11.199,11.199,11.042,10.831,309378
2015-06-09,10.944,11.118,11.105,10.921,171169
2015-06-10,11.086,11.550,11.290,10.932,135669
2015-06-11,11.302,11.588,11.500,11.199,93202
2015-06-12,11.500,11.990,11.700,11.500,99686
2015-06-15,11.799,11.820,11.434,11.392,103738
2015-06-16,11.250,11.300,10.985,10.880,152170
2015-06-17,10.960,11.500,11.230,10.603,260946
2015-06-18,11.199,11.278,10.844,10.800,117892
2015-06-19,10.432,10.672,10.141,10.014,308728
2015-06-23,10.100,10.171,10.139,9.510,1085965
2015-06-24,10.140,10.351,10.298,9.975,350374
2015-06-25,10.301,10.410,9.977,9.802,217760
2015-06-26,9.650,9.850,8.979,8.979,159969
2015-06-29,9.170,9.299,8.454,8.081,638986
2015-06-30,8.100,9.142,9.095,7.848,1026222
2015-07-01,8.715,9.111,8.362,8.300,517879
2015-07-02,8.310,8.570,8.000,7.777,2710951
2015-07-03,7.869,7.990,7.409,7.230,4388682
2015-07-06,8.150,8.150,7.409,6.690,10526457
2015-07-07,7.200,7.200,6.831,6.668,5459290
2015-07-08,6.148,6.668,6.148,6.148,1460248
2015-07-09,5.901,6.763,6.763,5.901,650949
2015-07-10,7.180,7.439,7.439,6.963,900962
2015-07-13,7.757,8.183,8.183,7.500,2201998
2015-07-14,7.800,8.419,7.886,7.800,1393883
2015-07-15,7.800,7.870,7.202,7.163,1600747
2015-07-16,7.110,7.745,7.590,6.951,959224
2015-07-17,7.660,8.150,8.077,7.628,610225
2015-07-20,8.073,8.289,8.114,7.940,1140785
2015-07-21,7.960,8.316,8.246,7.900,658208
2015-07-22,8.232,8.399,8.357,8.110,655244
2015-07-23,8.366,8.692,8.651,8.336,484719
2015-07-24,8.702,8.800,8.471,8.390,361152
2015-07-27,8.259,8.552,7.729,7.710,894988
2015-07-28,7.600,7.949,7.701,7.320,525417
2015-07-29,7.750,8.170,8.148,7.515,500083
2015-07-30,8.067,8.384,7.854,7.800,394540
2015-07-31,7.788,8.000,7.768,7.693,421760
2015-08-03,7.692,7.724,7.507,7.382,277209
2015-08-04,7.610,8.077,8.058,7.551,434403
2015-08-05,8.000,8.100,7.891,7.850,485674
2015-08-06,7.755,8.028,7.842,7.578,275887
2015-08-07,7.951,8.117,8.103,7.924,425307
2015-08-10,8.201,8.580,8.556,8.130,513291
2015-08-11,8.500,8.618,8.526,8.415,487498
2015-08-12,8.418,8.560,8.386,8.378,336851
2015-08-13,8.386,8.650,8.592,8.300,567822
2015-08-14,8.725,8.800,8.674,8.611,395926
2015-08-17,8.640,8.922,8.920,8.624,490142
2015-08-18,8.931,8.950,8.159,8.049,757669
2015-08-19,7.903,8.498,8.434,7.745,694068
2015-08-20,8.301,8.460,8.104,8.080,387096
2015-08-21,8.031,8.076,7.698,7.670,721409
2015-08-24,7.400,7.490,6.928,6.928,517649
2015-08-25,6.571,6.858,6.235,6.235,490282
2015-08-26,6.235,6.694,6.236,6.137,450113
2015-08-27,6.400,6.548,6.500,6.100,430116
2015-08-28,6.615,6.920,6.891,6.481,513621
2015-08-31,6.825,6.825,6.621,6.570,422786
2015-09-01,6.500,6.500,6.166,6.160,200875
2015-09-02,5.850,6.486,6.011,5.760,525564
2015-09-07,6.168,6.430,6.158,6.112,374804
2015-09-08,6.050,6.583,6.495,6.015,634664
2015-09-09,6.517,6.746,6.682,6.484,904986
2015-09-10,6.609,6.658,6.509,6.500,304917
2015-09-11,6.509,6.619,6.559,6.432,303025
2015-09-14,6.571,6.616,5.998,5.903,471486
2015-09-15,5.900,5.998,5.701,5.697,369634
2015-09-16,5.731,6.271,6.191,5.726,480254
2015-09-17,6.167,6.301,6.044,6.030,517096
2015-09-18,6.021,6.165,6.125,5.956,189879
2015-09-21,6.040,6.399,6.393,6.000,393011
2015-09-22,6.412,6.485,6.366,6.300,512465
2015-09-23,6.243,6.350,6.272,6.208,256061
2015-09-24,6.298,6.422,6.359,6.286,212375
2015-09-25,6.305,6.380,6.120,6.080,290103
2015-09-28,6.192,6.299,6.291,6.063,118904
2015-09-29,6.150,6.258,6.225,6.142,147837
2015-09-30,6.230,6.285,6.231,6.182,59784
2015-10-08,6.550,6.577,6.489,6.420,293313
2015-10-09,6.470,6.597,6.565,6.434,221214
2015-10-12,6.617,6.950,6.848,6.617,462298
2015-10-13,6.755,6.942,6.910,6.748,271272
2015-10-14,6.903,6.960,6.852,6.808,231621
2015-10-15,6.830,7.110,7.107,6.825,302122
2015-10-16,7.143,7.200,7.179,7.050,474529
2015-10-19,7.200,7.250,7.220,7.094,327358
2015-10-20,7.209,7.291,7.291,7.110,323718
2015-10-21,7.299,7.299,6.868,6.821,405799
2015-10-22,6.930,7.143,7.110,6.850,291864
2015-10-23,7.090,7.310,7.300,7.081,383391
2015-10-26,7.340,7.380,7.296,7.220,316052
2015-10-27,7.226,7.410,7.361,7.001,306483
2015-10-28,7.261,7.371,7.156,7.100,272867
2015-10-29,7.193,7.315,7.236,7.107,271666
2015-10-30,7.236,7.351,7.230,7.105,178789
