2012-05-28,2.551,2.607,2.604,2.544,12775187
2012-05-29,2.602,2.661,2.644,2.602,7149490
2012-05-30,2.642,2.647,2.636,2.633,2658872
2012-05-31,2.621,2.645,2.630,2.613,1781560
2012-06-01,2.629,2.660,2.630,2.620,1793500
2012-06-04,2.601,2.604,2.558,2.555,5460742
2012-06-05,2.562,2.572,2.561,2.556,1271675
2012-06-06,2.563,2.574,2.559,2.548,1369227
2012-06-07,2.578,2.583,2.543,2.536,3364240
2012-06-08,2.558,2.560,2.534,2.530,2101822
2012-06-11,2.543,2.577,2.564,2.536,2254556
2012-06-12,2.550,2.562,2.548,2.538,1577237
2012-06-13,2.560,2.588,2.585,2.550,1881336
2012-06-14,2.580,2.598,2.574,2.571,1525547
2012-06-15,2.582,2.594,2.584,2.557,1598353
2012-06-18,2.589,2.608,2.592,2.588,1321265
2012-06-19,2.590,2.590,2.573,2.572,1050117
2012-06-20,2.580,2.587,2.570,2.570,1192774
2012-06-21,2.563,2.564,2.530,2.517,1792242
2012-06-25,2.527,2.527,2.480,2.476,2314811
2012-06-26,2.472,2.485,2.480,2.462,1852289
2012-06-27,2.478,2.493,2.471,2.470,1513658
2012-06-28,2.480,2.486,2.457,2.455,1695740
2012-06-29,2.451,2.488,2.485,2.448,1972042
2012-07-02,2.495,2.495,2.485,2.476,1862223
2012-07-03,2.488,2.516,2.489,2.482,1469031
2012-07-04,2.494,2.504,2.489,2.484,1103364
2012-07-05,2.479,2.479,2.461,2.452,2087739
2012-07-06,2.466,2.512,2.501,2.452,1757978
2012-07-09,2.489,2.499,2.451,2.448,1648643
2012-07-10,2.449,2.453,2.441,2.438,2041960
2012-07-11,2.438,2.458,2.452,2.435,1692976
2012-07-12,2.446,2.487,2.474,2.437,2660444
2012-07-13,2.473,2.496,2.478,2.471,1778904
2012-07-16,2.481,2.482,2.438,2.437,2273611
2012-07-17,2.437,2.449,2.443,2.431,2585328
2012-07-18,2.441,2.451,2.443,2.406,3152959
2012-07-19,2.441,2.473,2.451,2.437,3380440
2012-07-20,2.445,2.451,2.433,2.427,2702978
2012-07-23,2.411,2.411,2.403,2.392,1856885
2012-07-24,2.397,2.423,2.408,2.395,2304237
2012-07-25,2.400,2.414,2.393,2.390,1389067
2012-07-26,2.395,2.407,2.382,2.380,2548960
2012-07-27,2.389,2.396,2.385,2.377,3724685
2012-07-30,2.389,2.399,2.377,2.372,2303206
2012-07-31,2.378,2.385,2.371,2.366,4214984
2012-08-01,2.372,2.401,2.389,2.372,2615556
2012-08-02,2.386,2.389,2.371,2.359,2087258
2012-08-03,2.375,2.386,2.385,2.368,1737366
2012-08-06,2.383,2.420,2.416,2.382,3144257
2012-08-07,2.415,2.421,2.419,2.412,2584404
2012-08-08,2.423,2.436,2.421,2.416,2329502
2012-08-09,2.422,2.448,2.445,2.412,2010004
2012-08-10,2.447,2.447,2.438,2.433,1118701
2012-08-13,2.431,2.431,2.392,2.389,2959366
2012-08-14,2.393,2.396,2.388,2.360,3226022
2012-08-15,2.383,2.383,2.366,2.364,1910110
2012-08-16,2.367,2.370,2.359,2.357,1228663
2012-08-17,2.359,2.360,2.349,2.335,1757265
2012-08-20,2.333,2.343,2.336,2.242,1705061
2012-08-21,2.336,2.367,2.345,2.333,2348894
2012-08-22,2.347,2.349,2.328,2.323,1298020
2012-08-23,2.333,2.348,2.339,2.322,1670546
2012-08-24,2.330,2.332,2.316,2.313,1584419
2012-08-27,2.305,2.305,2.268,2.267,3143233
2012-08-28,2.265,2.284,2.268,2.260,2176241
2012-08-29,2.262,2.274,2.253,2.250,2133282
2012-08-30,2.246,2.255,2.243,2.226,2326744
2012-08-31,2.240,2.251,2.243,2.238,2031862
2012-09-03,2.238,2.270,2.257,2.233,2388426
2012-09-04,2.261,2.267,2.233,2.232,2247647
2012-09-05,2.233,2.241,2.232,2.223,2181560
2012-09-06,2.235,2.254,2.254,2.232,1696508
2012-09-07,2.267,2.385,2.357,2.267,5589337
2012-09-10,2.360,2.370,2.365,2.353,2390915
2012-09-11,2.349,2.350,2.347,2.331,2863743
2012-09-12,2.365,2.378,2.359,2.334,2773827
2012-09-14,2.354,2.370,2.352,2.335,3237676
2012-09-17,2.346,2.348,2.297,2.295,2706172
2012-09-18,2.282,2.287,2.269,2.262,2229306
2012-09-19,2.269,2.284,2.278,2.262,2784850
2012-09-20,2.273,2.273,2.229,2.226,4082695
2012-09-21,2.221,2.250,2.228,2.219,2770522
2012-09-24,2.214,2.263,2.248,2.204,3142902
2012-09-25,2.241,2.257,2.245,2.235,1721810
2012-09-26,2.243,2.252,2.221,2.218,1629607
2012-09-27,2.225,2.336,2.285,2.224,4791727
2012-09-28,2.271,2.339,2.338,2.265,5021110
2012-10-08,2.335,2.339,2.303,2.290,1904078
2012-10-09,2.315,2.368,2.356,2.315,3686399
2012-10-10,2.347,2.360,2.356,2.339,1927381
2012-10-11,2.348,2.356,2.340,2.335,2362346
2012-10-15,2.344,2.344,2.330,2.315,1733320
2012-10-16,2.329,2.352,2.331,2.321,3033134
2012-10-17,2.343,2.348,2.340,2.317,2331500
2012-10-18,2.345,2.376,2.369,2.344,2827928
2012-10-19,2.366,2.375,2.369,2.363,1633136
2012-10-22,2.359,2.384,2.378,2.352,2331995
2012-10-23,2.377,2.379,2.351,2.349,2618563
2012-10-24,2.345,2.359,2.347,2.342,2154704
2012-10-25,2.347,2.357,2.328,2.327,2435807
2012-10-29,2.272,2.279,2.265,2.258,2383105
2012-10-30,2.268,2.289,2.270,2.263,3304971
2012-10-31,2.272,2.288,2.286,2.265,2433535
2012-11-01,2.291,2.344,2.334,2.287,3381281
2012-11-02,2.334,2.343,2.339,2.318,2662090
2012-11-05,2.337,2.357,2.333,2.323,2417405
2012-11-06,2.338,2.340,2.324,2.291,3118478
2012-11-07,2.320,2.338,2.322,2.309,3100630
2012-11-08,2.307,2.310,2.280,2.279,3506991
2012-11-09,2.276,2.285,2.274,2.269,3025111
2012-11-12,2.276,2.289,2.282,2.264,3249623
2012-11-13,2.282,2.282,2.247,2.242,3892474
2012-11-15,2.244,2.255,2.226,2.224,4147742
2012-11-16,2.223,2.224,2.205,2.196,4158327
2012-11-19,2.204,2.207,2.205,2.183,3386253
2012-11-21,2.200,2.229,2.226,2.186,4892438
2012-11-23,2.217,2.235,2.225,2.214,4164644
2012-11-26,2.221,2.222,2.211,2.203,3380704
2012-11-27,2.202,2.206,2.187,2.186,3698311
2012-11-28,2.182,2.182,2.163,2.160,3551281
2012-11-29,2.168,2.173,2.155,2.154,3790227
2012-11-30,2.150,2.172,2.165,2.147,4168374
2012-12-03,2.168,2.180,2.145,2.143,3061587
2012-12-04,2.140,2.166,2.162,2.138,3993001
2012-12-05,2.161,2.252,2.238,2.158,6195196
2012-12-06,2.239,2.246,2.235,2.226,4236821
2012-12-07,2.235,2.287,2.280,2.233,5774856
2012-12-10,2.293,2.307,2.301,2.285,4975709
2012-12-11,2.292,2.306,2.294,2.288,3256954
2012-12-12,2.296,2.306,2.299,2.286,4694800
2012-12-13,2.290,2.297,2.281,2.279,3332027
2012-12-14,2.279,2.400,2.396,2.279,5740476
2012-12-17,2.398,2.408,2.403,2.392,4750982
2012-12-18,2.370,2.407,2.366,2.350,4463114
2012-12-19,2.365,2.387,2.372,2.360,3245530
2012-12-20,2.364,2.398,2.388,2.352,4912790
2012-12-21,2.396,2.413,2.378,2.366,4193594
2012-12-24,2.377,2.398,2.380,2.372,5083168
2012-12-25,2.372,2.459,2.446,2.368,4771781
2012-12-26,2.442,2.455,2.453,2.441,3720029
2012-12-27,2.465,2.481,2.448,2.447,4017303
2012-12-28,2.455,2.486,2.484,2.448,5157085
2012-12-31,2.492,2.529,2.524,2.492,7702944
2013-01-04,2.554,2.560,2.530,2.499,5364708
2013-01-07,2.522,2.544,2.534,2.516,4148280
2013-01-08,2.533,2.539,2.523,2.503,4000972
2013-01-09,2.519,2.534,2.521,2.504,4399883
2013-01-10,2.522,2.553,2.527,2.510,4556251
2013-01-11,2.534,2.540,2.489,2.478,5847044
2013-01-14,2.489,2.588,2.577,2.482,7471834
2013-01-15,2.579,2.603,2.592,2.578,4902077
2013-01-16,2.591,2.596,2.573,2.536,4960657
2013-01-17,2.569,2.574,2.557,2.537,4390935
2013-01-18,2.573,2.610,2.595,2.552,4614400
2013-01-21,2.600,2.609,2.604,2.580,4112879
2013-01-22,2.599,2.616,2.600,2.577,7695142
2013-01-23,2.599,2.610,2.605,2.580,4179259
2013-01-24,2.605,2.666,2.588,2.568,7873514
2013-01-25,2.588,2.591,2.576,2.573,5722447
2013-01-28,2.583,2.647,2.646,2.583,5635544
2013-01-29,2.649,2.679,2.666,2.645,7826804
2013-01-30,2.673,2.683,2.681,2.661,5385049
2013-01-31,2.692,2.697,2.688,2.670,6927571
2013-02-01,2.679,2.745,2.740,2.671,5398154
2013-02-04,2.748,2.763,2.745,2.732,4247564
2013-02-05,2.732,2.780,2.765,2.730,7356517
2013-02-06,2.767,2.780,2.773,2.764,4626880
2013-02-07,2.770,2.773,2.760,2.725,6087427
2013-02-08,2.767,2.787,2.769,2.749,6296267
2013-02-18,2.775,2.778,2.728,2.722,6967875
2013-02-19,2.730,2.735,2.684,2.671,5411521
2013-02-20,2.685,2.697,2.696,2.668,4610177
2013-02-21,2.670,2.670,2.600,2.576,7321565
2013-02-22,2.603,2.611,2.592,2.587,4107547
2013-02-25,2.599,2.626,2.596,2.582,5475510
2013-02-26,2.580,2.625,2.558,2.553,7929724
2013-02-27,2.569,2.610,2.582,2.565,4683231
2013-02-28,2.606,2.673,2.669,2.590,6133326
2013-03-01,2.669,2.677,2.666,2.619,4276796
2013-03-04,2.632,2.634,2.540,2.527,7400084
2013-03-05,2.545,2.616,2.613,2.541,5414035
2013-03-06,2.631,2.658,2.641,2.614,5958097
2013-03-07,2.630,2.650,2.609,2.584,7909466
2013-03-08,2.625,2.629,2.605,2.598,5495201
2013-03-11,2.587,2.607,2.587,2.567,3553997
2013-03-12,2.587,2.615,2.550,2.525,5303135
2013-03-13,2.546,2.549,2.522,2.509,4421042
2013-03-14,2.509,2.542,2.527,2.505,4439763
2013-03-15,2.533,2.604,2.529,2.500,5027988
2013-03-18,2.522,2.544,2.502,2.500,4252109
2013-03-19,2.506,2.532,2.524,2.490,4337150
2013-03-20,2.525,2.603,2.601,2.525,5888569
2013-03-21,2.607,2.622,2.608,2.596,3606871
2013-03-22,2.609,2.624,2.615,2.598,3630828
2013-03-25,2.625,2.638,2.611,2.600,3428521
2013-03-26,2.598,2.603,2.568,2.545,5746422
2013-03-27,2.570,2.609,2.574,2.559,4445452
2013-03-28,2.537,2.537,2.494,2.490,4066694
2013-03-29,2.502,2.507,2.487,2.480,3232432
2013-04-01,2.478,2.505,2.483,2.477,3309091
2013-04-02,2.489,2.523,2.487,2.470,3725639
2013-04-03,2.495,2.509,2.482,2.472,3168156
2013-04-08,2.450,2.474,2.470,2.433,3319436
2013-04-09,2.477,2.509,2.485,2.477,4870229
2013-04-10,2.485,2.491,2.485,2.469,2322471
2013-04-11,2.508,2.512,2.474,2.473,2170252
2013-04-15,2.460,2.465,2.441,2.433,2735599
2013-04-16,2.429,2.460,2.456,2.421,4082437
2013-04-17,2.455,2.464,2.462,2.439,4156771
2013-04-18,2.439,2.486,2.467,2.438,4113052
2013-04-19,2.471,2.548,2.537,2.470,5905395
2013-04-22,2.535,2.542,2.529,2.520,2310741
2013-04-23,2.529,2.529,2.452,2.447,3106698
2013-04-24,2.453,2.514,2.494,2.447,3133921
2013-04-25,2.483,2.509,2.468,2.455,2978325
2013-04-26,2.479,2.488,2.445,2.434,1865288
2013-05-02,2.427,2.450,2.447,2.418,2140703
2013-05-03,2.458,2.524,2.491,2.453,3344748
2013-05-06,2.500,2.533,2.520,2.499,2359821
2013-05-07,2.518,2.538,2.526,2.503,2855262
2013-05-08,2.543,2.567,2.542,2.531,2997252
2013-05-09,2.538,2.544,2.529,2.508,1895550
2013-05-10,2.518,2.547,2.539,2.517,2832553
2013-05-13,2.541,2.549,2.529,2.513,1987403
2013-05-14,2.524,2.528,2.492,2.473,2646563
2013-05-15,2.493,2.505,2.504,2.490,1927893
2013-05-16,2.499,2.556,2.555,2.487,4129315
2013-05-17,2.555,2.603,2.599,2.547,4774812
2013-05-20,2.606,2.632,2.614,2.596,2825608
2013-05-21,2.615,2.619,2.614,2.599,2034481
2013-05-22,2.617,2.630,2.617,2.607,1936316
2013-05-23,2.601,2.628,2.589,2.579,2900757
2013-05-24,2.600,2.618,2.603,2.571,4073633
2013-05-28,2.598,2.652,2.651,2.586,3491583
2013-05-29,2.657,2.667,2.642,2.641,3895438
2013-05-30,2.642,2.647,2.635,2.623,5674700
2013-05-31,2.636,2.645,2.605,2.600,5440864
2013-06-03,2.609,2.632,2.610,2.602,3199072
2013-06-04,2.607,2.608,2.572,2.564,4436294
2013-06-05,2.571,2.577,2.565,2.556,2254500
2013-06-06,2.557,2.568,2.540,2.538,2638059
2013-06-07,2.541,2.548,2.494,2.482,3947621
2013-06-13,2.457,2.457,2.417,2.391,6174687
2013-06-14,2.424,2.441,2.434,2.411,3912454
2013-06-17,2.443,2.447,2.419,2.415,3077433
2013-06-18,2.425,2.442,2.435,2.408,3738954
2013-06-19,2.425,2.425,2.421,2.384,2864450
2013-06-20,2.405,2.407,2.345,2.340,3712645
2013-06-21,2.306,2.348,2.334,2.294,3579532
2013-06-24,2.321,2.323,2.191,2.183,7667555
2013-06-25,2.165,2.194,2.192,2.040,9678250
2013-06-26,2.192,2.199,2.187,2.152,5090009
2013-06-27,2.202,2.225,2.188,2.182,4750804
2013-06-28,2.206,2.262,2.228,2.170,4976380
2013-07-01,2.204,2.242,2.237,2.190,2225312
2013-07-02,2.236,2.250,2.244,2.214,4514810
2013-07-03,2.238,2.240,2.239,2.196,3017411
2013-07-04,2.222,2.280,2.255,2.208,2991885
2013-07-05,2.260,2.286,2.263,2.254,1874797
2013-07-08,2.232,2.242,2.202,2.196,1660163
2013-07-09,2.200,2.211,2.197,2.189,4259904
2013-07-10,2.197,2.259,2.258,2.191,2528365
2013-07-11,2.280,2.411,2.371,2.275,4163259
2013-07-12,2.368,2.377,2.312,2.311,5941638
2013-07-15,2.327,2.382,2.345,2.315,4048451
2013-07-16,2.336,2.360,2.359,2.319,4723110
2013-07-17,2.352,2.371,2.324,2.320,3068787
2013-07-18,2.316,2.323,2.288,2.278,3601864
2013-07-19,2.289,2.302,2.225,2.224,4124884
2013-07-22,2.200,2.245,2.239,2.182,3737520
2013-07-23,2.247,2.326,2.309,2.247,3892940
2013-07-24,2.305,2.307,2.292,2.257,3726980
2013-07-25,2.305,2.320,2.286,2.271,3240231
2013-07-26,2.270,2.284,2.265,2.251,2351805
2013-07-29,2.245,2.245,2.221,2.215,3077218
2013-07-30,2.238,2.271,2.234,2.212,2436356
2013-07-31,2.253,2.286,2.239,2.232,2474481
2013-08-01,2.260,2.299,2.298,2.249,3144440
2013-08-02,2.323,2.329,2.294,2.289,2824116
2013-08-05,2.300,2.329,2.327,2.287,2275330
2013-08-06,2.316,2.355,2.342,2.300,3002481
2013-08-07,2.340,2.365,2.326,2.321,2567650
2013-08-08,2.327,2.350,2.327,2.315,3007779
2013-08-09,2.338,2.353,2.337,2.302,2875775
2013-08-12,2.359,2.409,2.407,2.344,5206173
2013-08-13,2.406,2.410,2.407,2.390,3349544
2013-08-14,2.411,2.440,2.402,2.390,3988344
2013-08-15,2.400,2.411,2.374,2.369,2973782
2013-08-16,2.367,2.455,2.357,2.342,6019936
2013-08-19,2.348,2.393,2.377,2.334,3923918
2013-08-20,2.375,2.402,2.360,2.350,4416316
2013-08-21,2.370,2.376,2.360,2.337,2680074
2013-08-22,2.355,2.382,2.352,2.349,3156206
2013-08-23,2.365,2.373,2.337,2.301,4276943
2013-08-26,2.342,2.390,2.389,2.334,4385999
2013-08-27,2.384,2.395,2.389,2.369,4062535
2013-08-28,2.372,2.397,2.378,2.353,3317215
2013-08-29,2.390,2.394,2.371,2.356,2969749
2013-08-30,2.365,2.384,2.367,2.350,3279187
2013-09-02,2.372,2.380,2.369,2.350,3840558
2013-09-03,2.375,2.405,2.405,2.374,3079873
2013-09-04,2.401,2.407,2.404,2.397,3695618
2013-09-05,2.403,2.403,2.394,2.385,2763757
2013-09-06,2.389,2.412,2.408,2.389,3928210
2013-09-09,2.419,2.503,2.497,2.419,4642994
2013-09-10,2.497,2.535,2.530,2.492,3997592
2013-09-11,2.545,2.555,2.541,2.530,3801875
2013-09-12,2.538,2.585,2.566,2.529,4560583
2013-09-13,2.562,2.570,2.547,2.539,2681878
2013-09-16,2.560,2.563,2.534,2.524,3715188
2013-09-17,2.533,2.535,2.484,2.482,3053841
2013-09-18,2.484,2.491,2.487,2.460,2512068
2013-09-23,2.491,2.529,2.522,2.491,3926610
2013-09-24,2.522,2.522,2.498,2.470,3125181
2013-09-25,2.496,2.509,2.483,2.480,2211583
2013-09-26,2.474,2.476,2.442,2.437,2794751
2013-09-27,2.438,2.455,2.451,2.435,2248897
2013-09-30,2.458,2.487,2.467,2.452,2088411
2013-10-08,2.442,2.504,2.502,2.442,3137911
2013-10-09,2.490,2.505,2.505,2.484,2725498
2013-10-10,2.509,2.510,2.483,2.478,2755380
2013-10-11,2.494,2.529,2.523,2.492,3498972
2013-10-14,2.528,2.534,2.524,2.516,3536379
2013-10-15,2.528,2.530,2.521,2.502,2412414
2013-10-16,2.511,2.514,2.477,2.467,2719204
2013-10-17,2.489,2.493,2.464,2.463,1984921
2013-10-18,2.465,2.488,2.476,2.463,2550712
2013-10-21,2.481,2.532,2.529,2.473,3419880
2013-10-22,2.528,2.528,2.501,2.492,2876841
2013-10-23,2.504,2.530,2.474,2.466,3043315
2013-10-24,2.471,2.477,2.454,2.450,2305748
2013-10-25,2.455,2.464,2.415,2.401,2488843
2013-10-28,2.423,2.430,2.418,2.405,2092770
2013-10-29,2.422,2.459,2.421,2.382,4750693
2013-10-30,2.424,2.457,2.455,2.416,3245841
2013-10-31,2.449,2.449,2.431,2.422,1753140
2013-11-01,2.433,2.450,2.441,2.421,2826247
2013-11-04,2.451,2.461,2.434,2.428,2000608
2013-11-05,2.425,2.439,2.434,2.397,2825304
2013-11-06,2.426,2.435,2.406,2.402,2289483
2013-11-07,2.406,2.408,2.396,2.383,2052678
2013-11-08,2.389,2.396,2.360,2.355,2656414
2013-11-11,2.357,2.372,2.363,2.343,2122233
2013-11-12,2.371,2.393,2.387,2.365,2565125
2013-11-13,2.375,2.375,2.342,2.341,2478247
2013-11-14,2.342,2.352,2.349,2.332,2382376
2013-11-15,2.359,2.429,2.398,2.357,5462143
2013-11-18,2.417,2.478,2.477,2.408,3787733
2013-11-19,2.473,2.479,2.466,2.461,2654410
2013-11-20,2.484,2.490,2.477,2.458,3702883
2013-11-21,2.466,2.471,2.465,2.438,3391181
2013-11-22,2.468,2.475,2.451,2.445,3555561
2013-11-25,2.438,2.472,2.438,2.430,3914382
2013-11-26,2.439,2.450,2.437,2.429,2609522
2013-11-27,2.436,2.479,2.465,2.431,4380608
2013-11-28,2.472,2.517,2.491,2.470,4348594
2013-11-29,2.494,2.500,2.493,2.485,2455759
2013-12-02,2.484,2.516,2.470,2.449,5338790
2013-12-03,2.466,2.501,2.492,2.462,3994628
2013-12-04,2.496,2.539,2.524,2.490,5593421
2013-12-05,2.525,2.531,2.524,2.515,3567310
2013-12-06,2.519,2.521,2.507,2.499,4617587
2013-12-09,2.518,2.525,2.506,2.500,3990466
2013-12-10,2.508,2.519,2.505,2.499,3323144
2013-12-11,2.493,2.493,2.466,2.451,4144819
2013-12-12,2.465,2.473,2.461,2.458,2974763
2013-12-13,2.439,2.471,2.460,2.433,3112770
2013-12-16,2.462,2.466,2.420,2.417,3608669
2013-12-17,2.420,2.422,2.405,2.401,3966720
2013-12-18,2.407,2.417,2.407,2.403,3015111
2013-12-19,2.414,2.419,2.384,2.383,4290504
2013-12-20,2.386,2.387,2.333,2.327,4594766
2013-12-23,2.333,2.345,2.333,2.307,2598023
2013-12-24,2.341,2.364,2.336,2.313,2634764
2013-12-25,2.340,2.357,2.348,2.330,3246848
2013-12-26,2.345,2.347,2.316,2.309,1922186
2013-12-27,2.317,2.366,2.347,2.316,3564712
2013-12-30,2.360,2.360,2.349,2.339,1999413
2013-12-31,2.335,2.379,2.376,2.330,3527364
2014-01-02,2.369,2.375,2.368,2.356,1877798
2014-01-03,2.358,2.360,2.342,2.326,4404445
2014-01-06,2.335,2.335,2.286,2.280,4834090
2014-01-07,2.270,2.295,2.287,2.265,1525888
2014-01-08,2.287,2.309,2.285,2.272,2050543
2014-01-09,2.280,2.306,2.271,2.269,3371289
2014-01-10,2.269,2.273,2.255,2.249,3701782
2014-01-13,2.255,2.268,2.239,2.230,4884821
2014-01-14,2.239,2.261,2.254,2.225,2509260
2014-01-15,2.253,2.257,2.254,2.235,3339884
2014-01-16,2.250,2.271,2.255,2.244,2001024
2014-01-17,2.248,2.252,2.223,2.222,2523920
2014-01-20,2.222,2.226,2.212,2.201,2296622
2014-01-21,2.170,2.195,2.182,2.167,2902638
2014-01-22,2.185,2.243,2.242,2.184,3794402
2014-01-23,2.239,2.242,2.230,2.225,2536862
2014-01-24,2.222,2.255,2.242,2.220,2700643
2014-01-27,2.226,2.228,2.213,2.205,2731128
2014-01-28,2.220,2.232,2.215,2.202,2401396
2014-01-29,2.221,2.226,2.222,2.215,1701588
2014-01-30,2.218,2.222,2.191,2.190,2744495
2014-02-07,2.173,2.206,2.205,2.169,3417278
2014-02-10,2.215,2.271,2.269,2.215,6386221
2014-02-11,2.265,2.290,2.280,2.257,2883879
2014-02-12,2.281,2.290,2.284,2.273,2525285
2014-02-13,2.279,2.298,2.278,2.275,2815558
2014-02-14,2.280,2.287,2.286,2.273,1647132
2014-02-17,2.308,2.312,2.302,2.289,1971994
2014-02-18,2.303,2.303,2.275,2.269,2936986
2014-02-19,2.273,2.312,2.305,2.270,3371678
2014-02-20,2.310,2.327,2.285,2.283,2017749
2014-02-21,2.284,2.289,2.259,2.249,2603374
2014-02-24,2.230,2.236,2.208,2.188,2691036
2014-02-25,2.209,2.219,2.151,2.147,3435203
2014-02-26,2.141,2.156,2.154,2.133,4173650
2014-02-27,2.160,2.170,2.149,2.147,3264827
2014-02-28,2.148,2.178,2.171,2.124,3394212
2014-03-03,2.168,2.190,2.179,2.159,2663613
2014-03-04,2.174,2.179,2.174,2.158,1879749
2014-03-05,2.180,2.183,2.155,2.152,3938170
2014-03-06,2.153,2.173,2.166,2.129,4127699
2014-03-07,2.165,2.180,2.159,2.155,2439540
2014-03-10,2.139,2.139,2.092,2.089,2703462
2014-03-11,2.091,2.118,2.101,2.084,2862877
2014-03-12,2.093,2.122,2.103,2.089,2646605
2014-03-13,2.111,2.141,2.136,2.106,2247717
2014-03-14,2.121,2.131,2.118,2.108,1126163
2014-03-17,2.135,2.139,2.134,2.115,1372904
2014-03-18,2.136,2.145,2.132,2.130,946710
2014-03-19,2.125,2.125,2.119,2.098,1518428
2014-03-20,2.119,2.133,2.082,2.081,2852527
2014-03-21,2.080,2.162,2.159,2.073,4046807
2014-03-24,2.156,2.180,2.169,2.144,3081318
2014-03-25,2.162,2.188,2.166,2.158,2641548
2014-03-26,2.173,2.178,2.166,2.159,1587733
2014-03-27,2.160,2.182,2.151,2.140,3566803
2014-03-28,2.151,2.167,2.150,2.139,2004820
2014-03-31,2.155,2.163,2.141,2.126,2376536
2014-04-01,2.139,2.169,2.153,2.135,1706957
2014-04-02,2.156,2.176,2.170,2.154,1623972
2014-04-03,2.180,2.189,2.155,2.154,3269473
2014-04-04,2.152,2.181,2.181,2.148,1885588
2014-04-08,2.175,2.240,2.233,2.172,3717931
2014-04-09,2.237,2.241,2.229,2.223,2688657
2014-04-10,2.233,2.287,2.265,2.220,4754513
2014-04-11,2.268,2.275,2.264,2.253,3067077
2014-04-14,2.264,2.270,2.263,2.251,2134908
2014-04-15,2.253,2.253,2.223,2.218,2262151
2014-04-16,2.223,2.241,2.223,2.213,3070273
2014-04-17,2.229,2.235,2.219,2.214,1966074
2014-04-18,2.209,2.224,2.215,2.191,3439956
2014-04-21,2.200,2.225,2.175,2.174,3798473
2014-04-22,2.175,2.192,2.190,2.158,4551194
2014-04-23,2.181,2.194,2.184,2.177,3426668
2014-04-24,2.184,2.203,2.188,2.181,3374684
2014-04-25,2.193,2.195,2.161,2.160,4353856
2014-04-28,2.160,2.167,2.131,2.129,5070554
2014-04-29,2.131,2.155,2.150,2.128,4387669
2014-04-30,2.148,2.154,2.149,2.143,2976964
2014-05-05,2.142,2.159,2.150,2.121,4780497
2014-05-06,2.148,2.169,2.147,2.140,4025843
2014-05-07,2.142,2.147,2.133,2.131,2808435
2014-05-08,2.130,2.167,2.129,2.126,3038288
2014-05-09,2.136,2.139,2.128,2.117,3148899
2014-05-12,2.142,2.178,2.171,2.134,3896263
2014-05-13,2.171,2.176,2.165,2.159,2396768
2014-05-14,2.166,2.178,2.165,2.163,2676013
2014-05-15,2.164,2.166,2.141,2.141,3704600
2014-05-16,2.140,2.149,2.140,2.131,5072993
2014-05-19,2.136,2.136,2.111,2.101,5314496
2014-05-20,2.120,2.128,2.109,2.105,2911719
2014-05-21,2.104,2.134,2.129,2.092,5292158
2014-05-22,2.130,2.160,2.123,2.122,4562228
2014-05-23,2.127,2.149,2.147,2.125,3598523
2014-05-26,2.159,2.170,2.154,2.142,4659010
2014-05-27,2.152,2.160,2.147,2.144,3877246
2014-05-28,2.148,2.170,2.169,2.137,4454643
2014-05-29,2.172,2.177,2.156,2.156,3954068
2014-05-30,2.156,2.167,2.154,2.146,4536524
2014-06-03,2.157,2.166,2.147,2.147,3880030
2014-06-04,2.147,2.147,2.128,2.118,4080484
2014-06-05,2.128,2.154,2.153,2.126,4302067
2014-06-06,2.151,2.152,2.135,2.121,4490880
2014-06-09,2.129,2.157,2.133,2.125,4674115
2014-06-10,2.142,2.163,2.162,2.134,6639837
2014-06-11,2.158,2.162,2.158,2.150,3218440
2014-06-12,2.153,2.163,2.156,2.151,2515414
2014-06-13,2.155,2.188,2.180,2.153,6213267
2014-06-16,2.181,2.203,2.194,2.180,6881177
2014-06-17,2.189,2.189,2.176,2.176,6756315
2014-06-18,2.176,2.181,2.166,2.165,7097537
2014-06-19,2.167,2.172,2.135,2.127,6884163
2014-06-20,2.136,2.147,2.143,2.132,6533089
2014-06-23,2.145,2.157,2.140,2.139,5523418
2014-06-24,2.140,2.159,2.158,2.140,4436853
2014-06-25,2.156,2.156,2.151,2.140,3202632
2014-06-26,2.152,2.167,2.161,2.152,4077076
2014-06-27,2.157,2.179,2.165,2.153,4702265
2014-06-30,2.171,2.187,2.179,2.171,5286535
2014-07-01,2.188,2.190,2.180,2.172,2669586
2014-07-02,2.181,2.190,2.190,2.172,3432223
2014-07-03,2.190,2.206,2.198,2.185,3632747
2014-07-04,2.198,2.202,2.198,2.191,3259943
2014-07-07,2.196,2.205,2.196,2.190,3058049
2014-07-08,2.191,2.199,2.199,2.184,3291169
2014-07-09,2.198,2.200,2.171,2.169,3637034
2014-07-10,2.172,2.175,2.169,2.164,3337757
2014-07-11,2.169,2.185,2.175,2.167,3890224
2014-07-14,2.180,2.206,2.205,2.175,5707724
2014-07-15,2.201,2.205,2.202,2.196,3536153
2014-07-16,2.203,2.213,2.201,2.200,4748280
2014-07-17,2.201,2.202,2.192,2.183,3624174
2014-07-18,2.189,2.213,2.203,2.187,3685581
2014-07-21,2.203,2.207,2.202,2.195,3228193
2014-07-22,2.200,2.238,2.228,2.196,6256008
2014-07-23,2.229,2.248,2.232,2.226,5186599
2014-07-24,2.237,2.281,2.280,2.237,5738975
2014-07-25,2.285,2.308,2.306,2.280,4877041
2014-07-28,2.310,2.381,2.368,2.310,8375148
2014-07-29,2.369,2.388,2.374,2.359,4265831
2014-07-30,2.364,2.384,2.366,2.363,6079403
2014-07-31,2.366,2.399,2.398,2.361,4861900
2014-08-01,2.392,2.420,2.369,2.368,7790078
2014-08-04,2.380,2.422,2.420,2.378,6360272
2014-08-05,2.421,2.423,2.413,2.397,6128305
2014-08-06,2.396,2.411,2.398,2.375,6313655
2014-08-07,2.405,2.408,2.372,2.369,5575379
2014-08-08,2.373,2.385,2.373,2.365,4976759
2014-08-11,2.384,2.412,2.406,2.378,4944974
2014-08-12,2.400,2.400,2.396,2.385,5253016
2014-08-13,2.402,2.412,2.403,2.378,5660160
2014-08-14,2.401,2.406,2.374,2.374,5364937
2014-08-15,2.378,2.415,2.404,2.376,5759062
2014-08-18,2.406,2.422,2.412,2.401,6385631
2014-08-19,2.416,2.418,2.414,2.397,4951745
2014-08-20,2.413,2.417,2.405,2.402,5345229
2014-08-21,2.405,2.408,2.396,2.381,5065404
2014-08-22,2.395,2.412,2.408,2.393,4913120
2014-08-25,2.411,2.412,2.387,2.382,4375768
2014-08-26,2.380,2.393,2.372,2.362,4553470
2014-08-27,2.370,2.379,2.371,2.368,4512459
2014-08-28,2.372,2.376,2.360,2.357,5478510
2014-08-29,2.360,2.385,2.383,2.360,4426938
2014-09-01,2.383,2.396,2.394,2.380,5255470
2014-09-02,2.396,2.436,2.430,2.390,7328856
2014-09-03,2.437,2.461,2.453,2.436,5170651
2014-09-04,2.456,2.477,2.476,2.450,4312598
2014-09-05,2.484,2.504,2.500,2.477,6407412
2014-09-09,2.501,2.502,2.494,2.485,3962326
2014-09-10,2.477,2.481,2.478,2.466,5310511
2014-09-11,2.478,2.514,2.464,2.457,7222658
2014-09-12,2.464,2.484,2.484,2.455,5116386
2014-09-15,2.470,2.482,2.477,2.461,6564734
2014-09-16,2.486,2.490,2.434,2.431,6259853
2014-09-17,2.445,2.449,2.442,2.428,5165644
2014-09-18,2.440,2.457,2.452,2.432,8462794
2014-09-19,2.452,2.480,2.472,2.449,7218657
2014-09-22,2.464,2.464,2.420,2.416,6310351
2014-09-23,2.423,2.449,2.445,2.423,6642956
2014-09-24,2.435,2.497,2.492,2.428,10530460
2014-09-25,2.500,2.514,2.479,2.472,11766578
2014-09-26,2.479,2.486,2.480,2.462,7014042
2014-09-29,2.479,2.493,2.491,2.475,7302410
2014-09-30,2.490,2.499,2.491,2.482,5853169
2014-10-08,2.498,2.520,2.518,2.484,8155297
2014-10-09,2.522,2.529,2.519,2.505,6124161
2014-10-10,2.506,2.521,2.507,2.497,6974428
2014-10-13,2.496,2.499,2.493,2.467,6893526
2014-10-14,2.491,2.505,2.484,2.478,7137540
2014-10-15,2.483,2.505,2.500,2.471,5035691
2014-10-16,2.489,2.519,2.491,2.481,5907808
2014-10-17,2.491,2.497,2.480,2.456,7260138
2014-10-20,2.485,2.492,2.491,2.479,5267684
2014-10-21,2.491,2.498,2.475,2.473,5479023
2014-10-22,2.475,2.486,2.461,2.460,6098877
2014-10-23,2.460,2.465,2.435,2.434,7750312
2014-10-24,2.436,2.444,2.433,2.430,5816380
2014-10-27,2.423,2.423,2.410,2.400,6444636
2014-10-28,2.415,2.459,2.458,2.413,7081639
2014-10-29,2.463,2.504,2.489,2.455,9098717
2014-10-30,2.489,2.510,2.504,2.484,8426431
2014-10-31,2.511,2.557,2.554,2.509,7323907
2014-11-03,2.555,2.561,2.549,2.542,6135851
2014-11-04,2.543,2.552,2.547,2.538,5776701
2014-11-05,2.554,2.560,2.544,2.537,5502652
2014-11-06,2.547,2.552,2.545,2.521,7252257
2014-11-07,2.546,2.582,2.540,2.527,8261054
2014-11-10,2.551,2.612,2.611,2.550,6772236
2014-11-11,2.615,2.638,2.594,2.574,8693651
2014-11-12,2.591,2.633,2.632,2.583,5575938
2014-11-13,2.631,2.640,2.617,2.608,11701385
2014-11-14,2.610,2.620,2.620,2.597,5247876
2014-11-17,2.650,2.657,2.609,2.609,6877928
2014-11-18,2.608,2.608,2.581,2.575,5918561
2014-11-19,2.580,2.586,2.573,2.567,6915318
2014-11-20,2.566,2.582,2.577,2.555,5993678
2014-11-21,2.577,2.629,2.626,2.568,10309708
2014-11-24,2.650,2.720,2.701,2.646,13277667
2014-11-25,2.697,2.734,2.729,2.692,12741722
2014-11-26,2.733,2.760,2.759,2.733,11842240
2014-11-27,2.767,2.786,2.784,2.756,14180399
2014-11-28,2.775,2.870,2.850,2.773,13651346
2014-12-01,2.859,2.879,2.853,2.845,8192861
2014-12-02,2.850,3.000,2.966,2.838,14079459
2014-12-03,2.974,3.066,2.998,2.951,18562140
2014-12-04,3.029,3.183,3.180,3.008,17863904
2014-12-05,3.190,3.240,3.161,3.059,19759233
2014-12-08,3.135,3.323,3.313,3.109,16625138
2014-12-09,3.261,3.435,3.130,3.000,16196280
2014-12-10,3.196,3.274,3.243,3.093,23570020
2014-12-11,3.200,3.277,3.208,3.175,19211226
2014-12-12,3.225,3.277,3.218,3.195,13442354
2014-12-15,3.218,3.268,3.255,3.177,11291791
2014-12-16,3.253,3.338,3.331,3.240,16418865
2014-12-17,3.344,3.395,3.388,3.309,20043031
2014-12-18,3.390,3.434,3.384,3.364,22410691
2014-12-19,3.387,3.443,3.434,3.311,21429541
2014-12-22,3.434,3.482,3.410,3.399,18691136
2014-12-23,3.385,3.454,3.341,3.331,19073574
2014-12-24,3.341,3.368,3.248,3.202,20900444
2014-12-25,3.268,3.370,3.366,3.263,17610132
2014-12-26,3.368,3.505,3.497,3.360,17964517
2014-12-29,3.570,3.595,3.480,3.427,24745093
2014-12-30,3.483,3.527,3.480,3.450,13477504
2014-12-31,3.488,3.585,3.574,3.484,14748614
2015-01-05,3.604,3.735,3.688,3.589,30758984
2015-01-06,3.665,3.708,3.663,3.612,16023424
2015-01-07,3.645,3.690,3.662,3.625,17043222
2015-01-08,3.672,3.682,3.582,3.570,12361366
2015-01-09,3.572,3.725,3.556,3.542,20780563
2015-01-12,3.557,3.580,3.545,3.487,13826505
2015-01-13,3.542,3.576,3.538,3.512,9697401
2015-01-14,3.545,3.573,3.530,3.490,9631631
2015-01-15,3.530,3.636,3.630,3.504,13119281
2015-01-16,3.643,3.685,3.662,3.633,13133958
2015-01-19,3.469,3.499,3.296,3.296,12765272
2015-01-20,3.310,3.414,3.382,3.302,17005138
2015-01-21,3.394,3.556,3.537,3.391,13881856
2015-01-22,3.543,3.568,3.543,3.501,9941914
2015-01-23,3.568,3.613,3.560,3.530,9745623
2015-01-26,3.580,3.600,3.594,3.542,8802065
2015-01-27,3.602,3.607,3.558,3.486,12312449
2015-01-28,3.531,3.570,3.501,3.489,9584009
2015-01-29,3.455,3.488,3.464,3.432,9530566
2015-01-30,3.484,3.503,3.421,3.406,11179817
2015-02-02,3.360,3.399,3.344,3.333,8583404
2015-02-03,3.383,3.435,3.423,3.353,8725037
2015-02-04,3.439,3.470,3.384,3.380,10930569
2015-02-05,3.475,3.480,3.344,3.340,14647722
2015-02-06,3.344,3.361,3.294,3.269,13323766
2015-02-09,3.294,3.370,3.332,3.290,12518566
2015-02-10,3.336,3.401,3.399,3.333,13935346
2015-02-11,3.403,3.435,3.421,3.402,11911260
2015-02-12,3.421,3.446,3.435,3.393,7785122
2015-02-13,3.443,3.503,3.457,3.443,10813775
2015-02-16,3.456,3.495,3.486,3.451,8421548
2015-02-17,3.501,3.529,3.517,3.500,8973060
2015-02-25,3.514,3.514,3.463,3.444,13779805
2015-02-26,3.460,3.569,3.566,3.445,12517041
2015-02-27,3.564,3.585,3.559,3.542,10331788
2015-03-02,3.583,3.598,3.587,3.551,11512422
2015-03-03,3.563,3.563,3.489,3.485,11965033
2015-03-04,3.501,3.532,3.518,3.478,8696867
2015-03-05,3.497,3.506,3.488,3.451,10619007
2015-03-06,3.485,3.501,3.466,3.457,9184234
2015-03-09,3.432,3.544,3.534,3.401,14989498
2015-03-10,3.521,3.537,3.509,3.496,10614478
2015-03-11,3.510,3.565,3.514,3.495,14136150
2015-03-12,3.538,3.597,3.578,3.526,14385133
2015-03-13,3.586,3.625,3.598,3.573,9200029
2015-03-16,3.620,3.694,3.687,3.601,12419542
2015-03-17,3.715,3.742,3.734,3.701,13772577
2015-03-18,3.742,3.839,3.833,3.742,13322043
2015-03-19,3.816,3.832,3.813,3.793,13747985
2015-03-20,3.824,3.896,3.867,3.810,12711220
2015-03-23,3.907,3.980,3.945,3.902,9506120
2015-03-24,3.951,3.962,3.941,3.868,16266947
2015-03-25,3.926,3.951,3.917,3.881,12189714
2015-03-26,3.900,3.966,3.920,3.860,12752408
2015-03-27,3.927,3.972,3.950,3.910,8845228
2015-03-30,3.983,4.090,4.076,3.975,12802761
2015-03-31,4.134,4.150,4.031,3.975,27410138
2015-04-01,4.035,4.125,4.097,4.028,14824101
2015-04-02,4.127,4.139,4.091,4.035,20198227
2015-04-03,4.083,4.162,4.157,4.073,10549231
2015-04-07,4.183,4.230,4.230,4.156,12398464
2015-04-08,4.240,4.277,4.264,4.185,9368158
2015-04-09,4.282,4.298,4.233,4.193,11668332
2015-04-10,4.233,4.339,4.332,4.213,10284435
2015-04-13,4.357,4.423,4.404,4.341,8257742
2015-04-14,4.395,4.458,4.406,4.370,9848464
2015-04-15,4.406,4.450,4.369,4.364,11917793
2015-04-16,4.369,4.517,4.512,4.323,10711659
2015-04-17,4.530,4.631,4.590,4.529,12126834
2015-04-20,4.590,4.649,4.490,4.470,12638764
2015-04-21,4.493,4.588,4.585,4.486,13299154
2015-04-22,4.600,4.717,4.710,4.600,12169516
2015-04-23,4.737,4.749,4.705,4.666,9725637
2015-04-24,4.670,4.700,4.688,4.592,8708713
2015-04-27,4.737,4.795,4.785,4.702,11266967
2015-04-28,4.769,4.804,4.723,4.679,12519068
2015-04-29,4.723,4.775,4.749,4.681,8027906
2015-04-30,4.760,4.797,4.739,4.737,7658200
2015-05-04,4.739,4.770,4.765,4.688,7988415
2015-05-05,4.760,4.760,4.584,4.553,9813952
2015-05-06,4.590,4.678,4.536,4.497,18782493
2015-05-07,4.511,4.528,4.457,4.442,25005676
2015-05-08,4.490,4.530,4.526,4.420,13094728
2015-05-11,4.550,4.680,4.675,4.508,27020157
2015-05-12,4.674,4.731,4.729,4.642,7819126
2015-05-13,4.735,4.735,4.685,4.656,6823684
2015-05-14,4.686,4.707,4.674,4.653,6155978
2015-05-15,4.668,4.670,4.588,4.567,8241200
2015-05-18,4.573,4.597,4.554,4.533,7372686
2015-05-19,4.554,4.727,4.711,4.547,15114417
2015-05-20,4.737,4.833,4.733,4.697,20741770
2015-05-21,4.745,4.833,4.830,4.732,11635718
2015-05-22,4.865,4.938,4.934,4.849,12159246
2015-05-25,4.928,5.092,5.090,4.922,11365784
2015-05-26,5.100,5.180,5.165,5.039,11309206
2015-05-27,5.185,5.210,5.165,5.097,15048547
2015-05-28,5.159,5.180,4.815,4.755,15097912
2015-05-29,4.830,4.896,4.818,4.640,20550190
2015-06-01,4.818,5.080,5.070,4.801,17542104
2015-06-02,5.070,5.162,5.156,5.002,15123215
2015-06-03,5.156,5.166,5.113,5.025,14301796
2015-06-04,5.115,5.180,5.171,4.709,21827336
2015-06-05,5.200,5.250,5.179,5.051,14405085
2015-06-08,5.195,5.350,5.306,5.132,25233080
2015-06-09,5.315,5.323,5.263,5.196,17623199
2015-06-10,5.234,5.347,5.258,5.196,7031790
2015-06-11,5.258,5.300,5.259,5.206,7340937
2015-06-12,5.281,5.328,5.298,5.235,8205332
2015-06-15,5.313,5.331,5.171,5.158,8778393
2015-06-16,5.149,5.166,5.035,4.980,9127586
2015-06-17,5.037,5.138,5.110,4.935,10940242
2015-06-18,5.079,5.090,4.909,4.894,8722979
2015-06-19,4.844,4.889,4.603,4.591,10840079
2015-06-23,4.616,4.784,4.766,4.446,17606866
2015-06-24,4.790,4.877,4.871,4.680,13416412
2015-06-25,4.892,4.915,4.696,4.662,6760862
2015-06-26,4.590,4.658,4.346,4.229,9893036
2015-06-29,4.443,4.445,4.182,3.960,17347940
2015-06-30,4.190,4.485,4.484,3.996,27653176
2015-07-01,4.414,4.532,4.197,4.171,13863663
2015-07-02,4.280,4.322,4.108,3.960,22616374
2015-07-03,4.108,4.185,3.919,3.785,35819538
2015-07-06,4.308,4.308,4.025,3.830,49183037
2015-07-07,3.920,3.982,3.848,3.769,33833889
2015-07-08,3.550,3.700,3.463,3.463,16586075
2015-07-09,3.420,3.809,3.809,3.410,13925565
2015-07-10,3.930,4.190,4.189,3.862,12497601
2015-07-13,4.150,4.316,4.234,4.100,10322504
2015-07-14,4.165,4.297,4.154,4.092,9097319
2015-07-15,4.092,4.139,3.945,3.900,6006835
2015-07-16,3.930,4.103,4.036,3.890,6337549
2015-07-17,4.070,4.230,4.200,4.023,7336477
2015-07-20,4.183,4.254,4.188,4.134,6895961
2015-07-21,4.134,4.244,4.214,4.105,4712594
2015-07-22,4.200,4.225,4.194,4.136,3665738
2015-07-23,4.199,4.320,4.308,4.181,5204890
2015-07-24,4.302,4.336,4.218,4.192,4200409
2015-07-27,4.136,4.196,3.803,3.796,5086914
2015-07-28,3.722,3.920,3.847,3.666,7616119
2015-07-29,3.881,3.996,3.988,3.810,5245457
2015-07-30,3.950,4.011,3.851,3.839,3901715
2015-07-31,3.841,3.910,3.851,3.805,3505092
2015-08-03,3.794,3.860,3.852,3.765,2193441
2015-08-04,3.861,4.011,4.005,3.839,2827401
2015-08-05,3.987,3.995,3.916,3.877,3735917
2015-08-06,3.856,3.930,3.873,3.838,2958714
2015-08-07,3.901,3.980,3.953,3.900,6858932
2015-08-10,3.980,4.164,4.148,3.961,3991595
2015-08-11,4.135,4.148,4.099,4.081,3004252
2015-08-12,4.058,4.128,4.057,4.048,3885216
2015-08-13,4.058,4.117,4.112,4.001,4652588
2015-08-14,4.127,4.145,4.102,4.091,5458429
2015-08-17,4.080,4.116,4.109,4.045,3455986
2015-08-18,4.110,4.135,3.827,3.820,4606012
2015-08-19,3.795,3.935,3.915,3.700,5919635
2015-08-20,3.874,3.913,3.815,3.801,2333264
2015-08-21,3.800,3.813,3.625,3.616,6931380
2015-08-24,3.510,3.514,3.263,3.263,5422396
2015-08-25,3.105,3.230,2.983,2.974,7105359
2015-08-26,3.070,3.221,3.067,2.986,7356207
2015-08-27,3.123,3.270,3.257,3.066,7086962
2015-08-28,3.277,3.420,3.402,3.236,5682560
2015-08-31,3.320,3.402,3.395,3.245,3136291
2015-09-01,3.301,3.398,3.382,3.218,2274113
2015-09-02,3.279,3.420,3.372,3.231,2444089
2015-09-07,3.370,3.472,3.289,3.277,1785875
2015-09-08,3.250,3.394,3.378,3.190,2032500
2015-09-09,3.398,3.468,3.442,3.373,1883864
2015-09-10,3.397,3.448,3.381,3.376,1016280
2015-09-11,3.389,3.442,3.388,3.359,2550800
2015-09-14,3.398,3.407,3.269,3.200,1980072
2015-09-15,3.238,3.277,3.173,3.162,2166238
2015-09-16,3.183,3.395,3.345,3.160,5723574
2015-09-17,3.303,3.381,3.280,3.274,4197731
2015-09-18,3.300,3.313,3.279,3.260,2581484
2015-09-21,3.251,3.360,3.339,3.231,2525744
2015-09-22,3.338,3.413,3.365,3.329,2116113
2015-09-23,3.300,3.350,3.287,3.280,873020
2015-09-24,3.320,3.333,3.315,3.280,772058
2015-09-25,3.303,3.314,3.243,3.223,1123987
2015-09-28,3.249,3.274,3.262,3.225,1018360
2015-09-29,3.224,3.233,3.199,3.180,732167
2015-09-30,3.212,3.250,3.221,3.210,502083
2015-10-08,3.355,3.362,3.337,3.336,1102589
2015-10-09,3.330,3.399,3.379,3.330,972619
2015-10-12,3.380,3.545,3.520,3.380,1969044
2015-10-13,3.483,3.505,3.495,3.463,1443108
2015-10-14,3.478,3.508,3.457,3.455,1138426
2015-10-15,3.448,3.548,3.546,3.440,1263223
2015-10-16,3.560,3.598,3.595,3.545,2075700
2015-10-19,3.597,3.624,3.589,3.563,1203408
2015-10-20,3.587,3.640,3.636,3.564,795328
2015-10-21,3.640,3.647,3.527,3.472,1658596
2015-10-22,3.500,3.579,3.572,3.498,973251
2015-10-23,3.573,3.641,3.635,3.568,1197799
2015-10-26,3.666,3.672,3.641,3.619,1803183
2015-10-27,3.633,3.659,3.643,3.538,1322361
2015-10-28,3.623,3.646,3.579,3.568,1744483
2015-10-29,3.582,3.620,3.584,3.558,1213245
2015-10-30,3.577,3.626,3.585,3.545,995649
