2010-03-22,1000.537,1006.947,1006.170,997.312,10994463
2010-03-23,1006.376,1007.530,1002.868,998.258,10685155
2010-03-24,1004.156,1013.517,1011.790,1004.156,11610191
2010-03-25,1009.871,1009.871,1003.903,1000.867,11679203
2010-03-26,1000.999,1015.137,1014.065,997.185,10308999
2010-03-29,1016.722,1022.400,1019.883,1011.484,11877900
2010-03-30,1019.677,1031.662,1031.123,1017.660,12365417
2010-03-31,1030.820,1040.760,1039.717,1028.901,13765573
2010-04-01,1040.546,1057.504,1054.305,1040.546,15753815
2010-04-02,1054.993,1059.424,1056.489,1053.265,14442620
2010-04-06,1058.980,1061.066,1058.647,1051.842,12954552
2010-04-07,1057.567,1068.128,1068.128,1055.002,13802652
2010-04-08,1066.868,1076.128,1070.295,1063.237,15019636
2010-04-09,1070.228,1088.897,1088.897,1070.228,15333265
2010-04-12,1092.327,1104.678,1104.344,1092.327,18783331
2010-04-13,1105.373,1107.296,1078.142,1051.795,19683739
2010-04-14,1075.190,1087.304,1087.125,1070.795,12589676
2010-04-15,1087.482,1089.935,1070.241,1062.052,12793923
2010-04-16,1066.106,1081.242,1074.779,1059.964,9201921
2010-04-19,1066.105,1074.252,1039.250,1039.250,12838568
2010-04-20,1037.552,1052.637,1052.637,1023.037,12147020
2010-04-21,1053.679,1089.140,1088.059,1053.679,15281512
2010-04-22,1087.148,1106.321,1096.975,1081.626,16080897
2010-04-23,1095.363,1105.526,1087.027,1082.710,14513418
2010-04-26,1087.327,1096.294,1089.873,1080.775,12594043
2010-04-27,1085.692,1085.692,1059.544,1039.363,13480424
2010-04-28,1047.567,1067.180,1054.914,1041.012,10247519
2010-04-29,1058.080,1064.136,1021.353,1021.177,12164018
2010-04-30,1015.882,1017.586,991.129,972.860,11628054
2010-05-04,972.785,999.989,991.299,965.661,7772035
2010-05-05,981.467,1023.178,1023.178,978.380,10420593
2010-05-06,1021.667,1027.954,995.652,995.652,11886822
2010-05-07,972.064,996.781,977.330,964.585,11072160
2010-05-10,975.260,985.740,952.746,932.096,10160945
2010-05-11,970.340,974.756,929.084,926.855,10067027
2010-05-12,921.055,931.064,905.830,893.751,9078256
2010-05-13,905.902,933.754,933.754,893.850,9511523
2010-05-14,928.556,947.609,941.032,922.826,9311829
2010-05-17,929.667,930.833,890.988,890.988,8378044
2010-05-18,884.329,904.715,900.986,869.482,9801552
2010-05-19,896.092,920.718,909.425,891.237,9177423
2010-05-20,902.252,923.332,898.904,896.216,8704216
2010-05-21,875.042,923.587,923.587,869.656,10408028
2010-05-24,930.141,963.595,961.513,930.141,14515908
2010-05-25,956.712,963.823,952.791,943.741,12205686
2010-05-26,949.888,958.897,950.687,943.861,9280124
2010-05-27,949.127,971.076,968.738,937.959,11651624
2010-05-28,976.176,979.843,972.255,965.600,12125969
2010-05-31,968.486,979.688,947.465,947.465,11454572
2010-06-01,937.670,946.634,931.431,911.435,11162299
2010-06-02,927.167,942.896,942.896,916.647,8373520
2010-06-03,947.525,960.955,940.471,940.471,10858057
2010-06-04,934.725,952.834,952.750,931.887,9381743
2010-06-07,934.683,960.520,958.083,931.035,11379108
2010-06-08,957.993,971.781,970.468,956.253,12819823
2010-06-09,974.060,992.727,992.727,974.060,14772058
2010-06-10,989.512,1005.546,998.419,986.596,12892150
2010-06-11,1001.704,1004.495,990.225,989.537,11205544
2010-06-17,995.326,999.138,971.527,971.442,10067286
2010-06-18,966.946,966.946,929.642,923.450,11486004
2010-06-21,925.724,952.206,952.206,911.971,9795145
2010-06-22,951.122,964.718,960.625,948.696,9489535
2010-06-23,956.286,970.154,961.716,948.371,9665930
2010-06-24,960.976,967.404,962.020,955.969,7592836
2010-06-25,957.959,958.381,943.387,934.482,8490806
2010-06-28,942.483,947.438,929.493,924.794,7172232
2010-06-29,929.009,932.907,879.983,879.751,10804340
2010-06-30,870.592,871.932,871.154,856.650,8386853
2010-07-01,869.929,877.566,857.784,857.447,7544066
2010-07-02,855.473,857.578,847.985,814.852,9523955
2010-07-05,837.583,850.083,845.413,829.379,6719564
2010-07-06,843.752,870.975,869.964,843.093,8920842
2010-07-07,870.999,881.907,881.907,867.200,8320714
2010-07-08,884.612,887.941,880.029,871.377,8298440
2010-07-09,880.256,906.978,903.939,872.871,11444886
2010-07-12,904.617,913.319,910.811,902.627,11292259
2010-07-13,904.925,904.925,899.644,890.433,10109949
2010-07-14,900.340,913.018,901.955,897.535,9494507
2010-07-15,900.068,908.587,881.693,881.533,8459407
2010-07-16,876.866,885.663,883.005,865.048,7451644
2010-07-19,875.799,905.165,903.447,871.524,9720626
2010-07-20,904.406,931.920,931.920,904.406,15317545
2010-07-21,932.651,945.149,932.653,929.171,14881275
2010-07-22,930.090,945.631,945.631,928.203,13416762
2010-07-23,946.371,948.463,947.416,935.914,12883747
2010-07-26,948.604,960.192,960.192,944.342,12862401
2010-07-27,958.284,965.332,961.391,953.307,12196899
2010-07-28,959.375,982.937,982.784,957.760,16598708
2010-07-29,984.968,988.315,984.334,974.186,16271154
2010-07-30,981.956,985.648,983.086,971.776,13634467
2010-08-02,983.459,1003.515,1003.515,983.459,15921937
2010-08-03,1005.247,1006.571,986.247,986.247,16606222
2010-08-04,982.063,993.289,993.289,970.206,14233516
2010-08-05,993.204,1009.176,1001.250,991.013,15774286
2010-08-06,1000.891,1022.269,1022.230,994.382,16937876
2010-08-09,1022.972,1038.584,1038.008,1022.972,17295470
2010-08-10,1038.095,1039.307,1002.408,1002.408,18310053
2010-08-11,998.329,1016.302,1015.152,997.833,12601101
2010-08-12,1004.955,1022.184,1007.398,1000.403,14554100
2010-08-13,1006.905,1027.757,1027.757,1002.331,13042312
2010-08-16,1028.384,1055.332,1053.492,1026.551,16966817
2010-08-17,1057.426,1068.773,1065.395,1055.041,17423843
2010-08-18,1066.025,1072.386,1067.519,1054.602,16334388
2010-08-19,1067.365,1075.714,1068.290,1060.054,17318918
2010-08-20,1063.563,1063.563,1041.793,1038.198,15510198
2010-08-23,1040.350,1053.909,1049.605,1040.350,13912477
2010-08-24,1048.504,1069.266,1064.084,1041.925,15174291
2010-08-25,1059.962,1064.319,1044.494,1043.878,13887341
2010-08-26,1045.454,1058.044,1052.761,1043.600,13091747
2010-08-27,1051.728,1066.673,1066.494,1048.858,11655590
2010-08-30,1072.197,1099.267,1098.829,1072.197,16950100
2010-08-31,1096.108,1115.738,1111.283,1093.193,19536173
2010-09-01,1112.008,1117.297,1097.240,1081.936,21269316
2010-09-02,1103.022,1117.706,1115.274,1098.225,19206578
2010-09-03,1118.108,1124.886,1120.892,1106.783,19964644
2010-09-06,1124.439,1127.877,1111.712,1105.372,19021565
2010-09-07,1110.342,1117.328,1117.155,1102.264,15245215
2010-09-08,1114.133,1130.044,1130.044,1110.604,15656328
2010-09-09,1132.429,1135.943,1115.537,1113.564,19090424
2010-09-10,1115.316,1130.766,1129.863,1103.786,17122300
2010-09-13,1131.024,1151.640,1151.113,1127.769,17893235
2010-09-14,1153.097,1163.699,1157.754,1150.155,18838540
2010-09-15,1157.638,1157.805,1136.169,1132.102,16891572
2010-09-16,1133.687,1137.790,1106.956,1094.898,16617381
2010-09-17,1107.585,1115.262,1106.854,1098.698,12194442
2010-09-20,1107.692,1110.294,1096.619,1088.568,10793283
2010-09-21,1098.384,1103.787,1096.459,1089.610,8739904
2010-09-27,1100.898,1124.497,1124.374,1100.898,9941305
2010-09-28,1122.744,1127.888,1119.411,1116.931,10967896
2010-09-29,1118.609,1123.184,1105.970,1101.887,11017187
2010-09-30,1100.682,1122.250,1122.097,1097.352,9023485
2010-10-08,1131.157,1153.257,1148.222,1131.157,13094094
2010-10-11,1152.511,1154.327,1143.377,1133.083,19375533
2010-10-12,1139.882,1145.063,1144.948,1134.294,17438518
2010-10-13,1143.540,1151.325,1151.206,1130.425,19612957
2010-10-14,1152.972,1154.282,1116.691,1113.227,21144119
2010-10-15,1110.999,1128.082,1116.897,1106.755,21509663
2010-10-18,1115.076,1115.076,1094.261,1074.502,20686318
2010-10-19,1093.199,1132.687,1132.687,1093.199,15987555
2010-10-20,1112.807,1151.948,1140.642,1107.063,20269736
2010-10-21,1143.145,1153.259,1151.983,1136.412,17461683
2010-10-22,1152.110,1170.284,1167.187,1150.691,17192083
2010-10-25,1171.232,1199.815,1199.815,1171.232,22614679
2010-10-26,1203.822,1208.178,1207.474,1190.700,22893908
2010-10-27,1207.170,1220.367,1200.475,1196.473,22182172
2010-10-28,1197.731,1209.875,1204.568,1193.587,18145820
2010-10-29,1206.962,1226.768,1223.945,1205.445,19092420
2010-11-01,1227.931,1257.572,1257.221,1227.931,23181115
2010-11-02,1259.680,1269.219,1246.237,1246.104,27614318
2010-11-03,1242.765,1244.687,1223.607,1222.201,19672467
2010-11-04,1222.088,1250.558,1250.558,1222.088,17726070
2010-11-05,1261.595,1270.859,1270.037,1256.444,20901366
2010-11-08,1274.141,1294.240,1294.240,1270.874,22594294
2010-11-09,1293.996,1300.845,1300.845,1284.866,22390200
2010-11-10,1297.293,1314.754,1310.949,1292.899,22991885
2010-11-11,1306.000,1330.754,1301.667,1301.575,24982620
2010-11-12,1293.453,1299.032,1220.582,1217.619,25448092
2010-11-15,1224.284,1255.827,1255.827,1216.437,16573075
2010-11-16,1257.679,1265.765,1213.203,1203.506,19079328
2010-11-17,1197.079,1212.226,1172.875,1167.432,14337132
2010-11-18,1179.346,1195.439,1195.171,1169.517,11172984
2010-11-19,1202.541,1237.652,1237.652,1199.116,15720077
2010-11-22,1232.827,1272.535,1260.223,1231.062,19687032
2010-11-23,1256.768,1256.768,1248.078,1223.323,17071571
2010-11-24,1240.884,1278.518,1278.518,1239.363,16074268
2010-11-25,1284.706,1293.967,1282.709,1274.301,17354866
2010-11-26,1281.175,1283.944,1277.448,1265.170,13830533
2010-11-29,1274.862,1287.819,1282.387,1267.898,13349137
2010-11-30,1279.830,1284.034,1250.107,1215.432,18335325
2010-12-01,1244.997,1254.089,1248.249,1237.760,11296959
2010-12-02,1262.003,1267.207,1253.257,1253.103,12955364
2010-12-03,1252.881,1255.063,1242.238,1233.075,11207373
2010-12-06,1243.877,1246.463,1223.391,1215.661,10214880
2010-12-07,1220.879,1251.983,1250.585,1208.011,10862659
2010-12-08,1249.543,1262.183,1250.746,1248.284,10681194
2010-12-09,1244.278,1244.371,1228.524,1228.486,10675076
2010-12-10,1223.477,1249.669,1247.434,1220.353,8687598
2010-12-13,1254.271,1282.363,1282.363,1254.271,13680189
2010-12-14,1284.868,1295.570,1295.570,1281.364,15176138
2010-12-15,1295.476,1301.690,1290.011,1286.637,13918053
2010-12-16,1287.200,1297.095,1290.598,1286.526,11931779
2010-12-17,1289.342,1292.553,1292.391,1283.573,9987762
2010-12-20,1295.894,1300.737,1281.932,1248.732,14496378
2010-12-21,1282.234,1293.323,1292.369,1274.042,13707956
2010-12-22,1293.118,1293.306,1279.878,1274.694,12128097
2010-12-23,1277.219,1279.165,1252.688,1251.028,11293969
2010-12-24,1245.171,1245.171,1227.030,1218.031,10374246
2010-12-27,1227.089,1240.894,1192.952,1187.157,10756612
2010-12-28,1186.506,1188.344,1170.167,1159.759,9218417
2010-12-29,1170.905,1201.029,1201.029,1170.905,8003328
2010-12-30,1201.215,1213.315,1210.645,1195.873,9115857
2010-12-31,1210.747,1236.973,1236.973,1210.747,10132970
2011-01-04,1241.473,1250.061,1250.061,1232.252,12263382
2011-01-05,1244.919,1252.377,1247.300,1239.019,11812707
2011-01-06,1245.326,1250.590,1237.593,1234.866,9915333
2011-01-07,1235.381,1242.283,1228.409,1220.735,10305384
2011-01-10,1227.546,1227.900,1194.690,1191.084,10090086
2011-01-11,1190.024,1190.795,1181.177,1172.279,8448731
2011-01-12,1183.390,1190.770,1185.921,1168.453,7675988
2011-01-13,1190.481,1193.474,1188.056,1183.292,7793632
2011-01-14,1186.049,1186.049,1164.948,1163.892,8260869
2011-01-17,1155.929,1155.929,1113.093,1110.247,9189514
2011-01-18,1107.742,1119.016,1116.850,1101.085,5729100
2011-01-19,1116.954,1144.289,1144.188,1114.817,7531048
2011-01-20,1143.546,1143.546,1103.631,1103.631,9238858
2011-01-21,1100.159,1120.062,1109.073,1096.113,8925963
2011-01-24,1108.246,1112.521,1073.507,1073.236,8048622
2011-01-25,1069.320,1069.320,1057.071,1048.567,7018579
2011-01-26,1056.380,1079.795,1077.674,1056.380,6562994
2011-01-27,1071.716,1100.113,1096.827,1063.043,8637935
2011-01-28,1095.325,1109.564,1106.917,1093.863,7535914
2011-01-31,1105.909,1118.537,1118.112,1101.726,7990788
2011-02-01,1118.383,1122.739,1120.962,1114.572,7173141
2011-02-09,1113.370,1123.558,1110.084,1106.179,7622741
2011-02-10,1109.179,1142.408,1142.408,1108.502,9270138
2011-02-11,1142.813,1162.779,1159.231,1141.601,10658951
2011-02-14,1161.076,1179.879,1177.709,1161.076,12386327
2011-02-15,1178.728,1189.012,1176.906,1175.768,13219656
2011-02-16,1175.011,1195.210,1195.210,1172.211,12192654
2011-02-17,1198.435,1205.492,1204.138,1190.256,14712863
2011-02-18,1202.882,1203.675,1192.360,1188.928,12397633
2011-02-21,1184.944,1216.369,1216.369,1182.782,13242483
2011-02-22,1219.552,1222.168,1188.740,1188.467,16085577
2011-02-23,1184.812,1202.803,1201.466,1184.812,11954639
2011-02-24,1200.242,1210.807,1209.446,1195.563,12577019
2011-02-25,1208.470,1214.005,1210.735,1198.552,11653335
2011-02-28,1212.872,1223.368,1223.368,1204.235,12544538
2011-03-01,1224.731,1231.885,1226.990,1218.579,14639677
2011-03-02,1223.013,1223.930,1219.805,1201.907,13454988
2011-03-03,1219.914,1224.723,1195.841,1193.996,13269093
2011-03-04,1194.817,1205.298,1205.298,1189.715,10615125
2011-03-07,1209.126,1219.160,1219.160,1206.559,14617548
2011-03-08,1218.825,1224.346,1224.346,1212.574,12594593
2011-03-09,1225.928,1230.718,1230.223,1222.489,12988929
2011-03-10,1228.968,1230.618,1224.751,1222.417,12927717
2011-03-11,1219.920,1237.125,1223.394,1218.615,13385503
2011-03-14,1219.847,1234.140,1234.140,1217.316,14596906
2011-03-15,1232.418,1232.418,1223.738,1195.812,16584348
2011-03-16,1222.473,1237.548,1237.548,1222.157,14692046
2011-03-17,1229.494,1233.825,1216.638,1211.862,14381120
2011-03-18,1223.010,1230.251,1223.762,1217.374,12434789
2011-03-21,1223.054,1226.528,1216.459,1211.732,12645512
2011-03-22,1217.037,1219.863,1209.737,1199.054,10511688
2011-03-23,1209.650,1223.686,1223.686,1207.987,11365532
2011-03-24,1224.733,1229.582,1224.739,1222.313,12432247
2011-03-25,1224.244,1231.914,1229.925,1223.723,13880591
2011-03-28,1232.437,1234.844,1215.897,1214.541,15816777
2011-03-29,1213.233,1213.233,1190.508,1189.142,15761039
2011-03-30,1189.027,1192.682,1177.902,1176.573,12665660
2011-03-31,1178.831,1182.855,1168.849,1164.339,10729671
2011-04-01,1170.471,1180.430,1180.430,1167.081,8733343
2011-04-06,1177.063,1179.722,1170.792,1167.145,9841007
2011-04-07,1170.405,1177.147,1177.147,1163.731,10572266
2011-04-08,1176.274,1191.543,1191.543,1174.545,10872156
2011-04-11,1193.376,1195.827,1178.511,1178.116,12514935
2011-04-12,1176.448,1180.594,1170.445,1166.336,10733551
2011-04-13,1167.816,1185.411,1185.411,1163.639,9831080
2011-04-14,1186.125,1189.960,1185.772,1182.331,11588027
2011-04-15,1184.423,1185.196,1181.292,1172.254,10735876
2011-04-18,1177.995,1183.552,1180.549,1175.169,12357257
2011-04-19,1175.969,1177.577,1172.706,1161.735,13956657
2011-04-20,1171.179,1181.030,1180.857,1170.332,13538239
2011-04-21,1182.574,1187.071,1185.642,1181.096,13217884
2011-04-22,1184.355,1184.355,1175.596,1172.043,12075043
2011-04-25,1173.010,1173.010,1154.442,1153.369,10790918
2011-04-26,1151.435,1153.468,1138.180,1132.798,9253194
2011-04-27,1139.463,1144.628,1125.132,1117.882,9233981
2011-04-28,1126.817,1130.375,1092.051,1092.051,9114838
2011-04-29,1090.903,1106.800,1106.800,1088.093,7047895
2011-05-03,1107.587,1122.638,1122.638,1102.703,7728082
2011-05-04,1119.286,1119.286,1098.483,1096.397,8779867
2011-05-05,1094.832,1106.174,1103.129,1093.656,6539103
2011-05-06,1097.174,1114.486,1111.497,1090.684,6929981
2011-05-09,1112.666,1123.743,1118.638,1112.666,7048737
2011-05-10,1120.033,1122.698,1122.698,1114.052,7569409
2011-05-11,1122.484,1127.091,1122.866,1114.434,8625459
2011-05-12,1116.820,1120.361,1105.054,1104.892,8310671
2011-05-13,1103.955,1109.179,1109.179,1092.960,7290473
2011-05-16,1108.483,1114.865,1108.966,1107.803,6897822
2011-05-17,1108.494,1112.155,1106.827,1095.879,8271888
2011-05-18,1104.401,1112.045,1111.082,1101.561,6925511
2011-05-19,1112.847,1119.784,1108.673,1107.845,8022853
2011-05-20,1107.767,1109.200,1105.115,1101.001,6913198
2011-05-23,1103.837,1103.837,1068.417,1067.665,9349990
2011-05-24,1063.572,1065.332,1064.647,1045.758,8200154
2011-05-25,1063.082,1066.432,1047.954,1047.127,7445985
2011-05-26,1050.857,1058.020,1035.955,1035.699,7906317
2011-05-27,1034.431,1037.058,1010.596,1008.522,8162340
2011-05-30,1006.808,1014.863,999.517,997.445,6533617
2011-05-31,999.233,1016.846,1016.846,996.164,7069755
2011-06-01,1016.092,1028.427,1028.142,1013.283,7506462
2011-06-02,1018.034,1020.593,1014.291,1000.739,8505267
2011-06-03,1013.503,1034.616,1032.882,1013.239,7769366
2011-06-07,1031.574,1043.275,1043.115,1029.866,7217429
2011-06-08,1041.719,1047.017,1046.250,1030.135,8323100
2011-06-09,1044.567,1044.567,1025.762,1025.105,8595297
2011-06-10,1022.961,1027.934,1025.259,1008.420,7324550
2011-06-13,1018.913,1024.347,1022.756,1011.299,6082388
2011-06-14,1022.515,1038.191,1036.529,1021.183,7901513
2011-06-15,1034.598,1040.229,1027.065,1026.705,7544482
2011-06-16,1020.263,1020.263,1005.838,1005.133,7325818
2011-06-17,1005.841,1012.231,994.646,993.875,6437342
2011-06-20,993.146,993.663,980.154,974.386,6484987
2011-06-21,980.933,992.924,992.924,978.208,7360260
2011-06-22,993.581,997.543,993.739,987.842,7327483
2011-06-23,991.054,1015.614,1013.745,984.632,9139910
2011-06-24,1011.927,1044.350,1038.887,1010.458,13794212
2011-06-27,1041.103,1058.283,1054.334,1041.103,13774324
2011-06-28,1055.548,1060.516,1058.799,1049.357,11377910
2011-06-29,1058.094,1063.398,1048.946,1048.912,10933335
2011-06-30,1047.901,1065.672,1065.151,1047.901,11274147
2011-07-01,1068.078,1077.247,1069.583,1065.810,11290802
2011-07-04,1072.763,1094.343,1094.343,1072.763,14290227
2011-07-05,1095.990,1103.663,1100.871,1092.863,14123345
2011-07-06,1098.085,1109.584,1109.584,1091.079,13253627
2011-07-07,1108.268,1125.162,1112.380,1108.268,15179988
2011-07-08,1110.648,1114.059,1109.669,1102.121,10837290
2011-07-11,1106.505,1121.419,1120.641,1102.744,11432150
2011-07-12,1113.188,1116.536,1106.574,1106.347,13143084
2011-07-13,1105.527,1126.559,1126.559,1105.527,12898344
2011-07-14,1128.239,1133.044,1133.044,1121.532,15042426
2011-07-15,1130.689,1141.327,1141.327,1128.504,16429624
2011-07-18,1143.412,1149.447,1143.537,1140.290,15146207
2011-07-19,1138.689,1138.689,1128.548,1125.894,12590636
2011-07-20,1133.926,1137.923,1129.499,1118.186,12216256
2011-07-21,1128.772,1130.052,1116.247,1115.988,11068742
2011-07-22,1117.448,1126.345,1121.832,1117.448,10815410
2011-07-25,1116.631,1116.631,1078.961,1074.453,13775020
2011-07-26,1075.760,1083.917,1083.917,1069.929,9373366
2011-07-27,1079.898,1104.286,1103.147,1074.912,10663347
2011-07-28,1094.193,1102.767,1101.753,1089.279,10555380
2011-07-29,1101.073,1105.789,1090.580,1086.624,10248991
2011-08-01,1087.432,1096.715,1092.410,1082.859,8122045
2011-08-02,1088.221,1088.221,1088.144,1070.746,9671692
2011-08-03,1077.976,1097.351,1094.478,1075.086,9845533
2011-08-04,1095.624,1104.050,1098.699,1094.018,9488111
2011-08-05,1065.922,1088.542,1081.385,1059.414,11196531
2011-08-08,1066.967,1073.273,1036.405,1013.125,14490775
2011-08-09,1007.867,1042.654,1037.678,989.102,13390419
2011-08-10,1051.539,1064.352,1053.098,1051.539,13277320
2011-08-11,1033.449,1070.499,1070.499,1030.647,13094019
2011-08-12,1076.917,1086.382,1081.231,1076.917,13280804
2011-08-15,1083.817,1093.975,1093.975,1082.555,11643487
2011-08-16,1095.225,1096.307,1086.558,1083.127,11067556
2011-08-17,1084.525,1090.446,1081.569,1079.107,9505505
2011-08-18,1080.502,1082.068,1060.853,1060.037,9309074
2011-08-19,1041.537,1054.376,1054.376,1038.654,8527186
2011-08-22,1054.508,1063.611,1043.883,1040.682,8462326
2011-08-23,1046.093,1058.038,1058.038,1044.119,8602070
2011-08-24,1062.991,1071.222,1061.148,1059.723,9776623
2011-08-25,1061.742,1079.124,1079.124,1059.222,10876328
2011-08-26,1077.166,1084.005,1081.706,1074.734,9951881
2011-08-29,1077.102,1078.533,1074.076,1070.881,9845415
2011-08-30,1078.792,1085.964,1064.195,1063.901,9809342
2011-08-31,1063.346,1067.484,1056.302,1047.521,7527167
2011-09-01,1057.636,1063.227,1049.969,1046.238,6990063
2011-09-02,1048.422,1050.958,1039.641,1033.504,7068140
2011-09-05,1031.816,1031.816,1016.961,1016.836,6708950
2011-09-06,1010.464,1017.103,1005.742,1001.968,5980221
2011-09-07,1009.696,1028.204,1028.204,1008.691,7841461
2011-09-08,1031.641,1034.252,1020.855,1020.789,7728603
2011-09-09,1021.275,1028.282,1013.100,1009.906,6724254
2011-09-13,1000.789,1000.789,995.436,990.135,6652320
2011-09-14,997.482,1005.097,1005.097,982.223,7611206
2011-09-15,1006.624,1015.894,1008.704,1005.848,7675361
2011-09-16,1011.410,1016.274,1008.345,1007.602,6892936
2011-09-19,1005.225,1005.225,988.099,987.679,6026962
2011-09-20,985.716,993.909,990.249,978.114,6788099
2011-09-21,990.404,1018.497,1018.144,987.349,11571493
2011-09-22,1011.191,1016.154,990.827,990.265,10253372
2011-09-23,973.338,983.870,980.593,966.969,8869709
2011-09-26,975.376,985.190,964.712,962.501,7400816
2011-09-27,969.678,974.768,966.987,956.961,7339089
2011-09-28,971.584,974.741,952.973,949.428,7561151
2011-09-29,946.994,946.994,927.313,925.026,8191334
2011-09-30,928.100,932.595,925.802,916.769,6061563
2011-10-10,928.956,932.266,920.451,918.368,5116741
2011-10-11,939.450,946.524,916.854,907.895,7520058
2011-10-12,914.155,948.564,948.564,905.442,10083945
2011-10-13,947.769,964.748,961.648,945.023,11054173
2011-10-14,960.398,961.369,957.216,948.703,7938344
2011-10-17,958.714,967.725,963.102,957.229,8217146
2011-10-18,958.238,958.633,938.856,938.017,8356108
2011-10-19,938.597,943.349,931.635,928.098,7091095
2011-10-20,927.720,927.720,904.967,897.591,8337905
2011-10-21,903.413,904.397,887.527,886.990,6730903
2011-10-24,887.752,901.562,901.562,871.736,9169498
2011-10-25,900.260,928.017,926.862,898.159,12114934
2011-10-26,921.575,942.858,934.925,919.281,13390060
2011-10-27,936.209,944.394,934.465,930.814,11377917
2011-10-28,944.426,954.304,953.790,940.546,14151980
2011-10-31,952.997,960.568,958.927,950.543,13551877
2011-11-01,951.572,964.128,960.627,947.846,13415974
2011-11-02,946.315,979.308,979.308,941.099,16619950
2011-11-03,983.154,1000.008,985.352,983.154,23005921
2011-11-04,989.697,994.299,991.427,983.394,15554826
2011-11-07,988.611,996.464,985.957,983.820,12233656
2011-11-08,986.576,987.894,973.582,971.937,11276052
2011-11-09,975.940,990.003,990.003,966.195,12161010
2011-11-10,979.668,988.986,979.385,976.647,13394550
2011-11-11,979.412,984.565,977.996,973.623,10447140
2011-11-14,984.058,1001.860,1001.860,984.058,13693084
2011-11-15,1001.206,1006.295,1006.295,999.374,13207062
2011-11-16,1006.332,1006.592,979.736,975.729,13792664
2011-11-17,978.958,989.527,979.001,975.097,9510991
2011-11-18,972.575,972.575,949.804,948.005,10545388
2011-11-21,949.077,952.274,951.957,941.116,7384422
2011-11-22,944.449,950.097,948.832,936.409,7671519
2011-11-23,950.127,954.495,945.999,943.173,7589729
2011-11-24,937.922,949.906,945.287,930.856,7925508
2011-11-25,944.683,952.281,940.386,937.858,7427231
2011-11-28,941.155,945.437,941.280,934.916,6933960
2011-11-29,948.184,955.797,955.797,944.560,9068779
2011-11-30,954.768,954.768,918.856,907.639,11307090
2011-12-01,943.248,950.640,936.506,933.593,12492788
2011-12-02,932.433,932.433,916.295,910.481,8395773
2011-12-05,913.629,913.629,884.177,882.661,7723284
2011-12-06,881.155,887.655,885.366,873.422,6210624
2011-12-07,884.859,891.833,888.596,881.439,5702710
2011-12-08,887.494,897.315,889.922,872.853,7731503
2011-12-09,883.598,889.836,880.102,876.542,6069030
2011-12-12,879.063,882.393,868.872,867.649,5782742
2011-12-13,865.142,865.142,843.582,841.054,9047345
2011-12-14,840.698,847.254,829.212,826.996,6562241
2011-12-15,824.561,824.678,814.418,808.944,8205742
2011-12-16,813.575,836.609,836.609,810.622,9367932
2011-12-19,832.106,838.445,837.732,817.441,9915190
2011-12-20,835.494,846.212,834.359,833.483,9710998
2011-12-21,839.425,843.217,814.163,813.672,8632970
2011-12-22,807.975,812.940,806.241,781.104,10217943
2011-12-23,803.242,817.557,810.684,799.563,8909134
2011-12-26,808.290,816.009,802.916,802.713,7096087
2011-12-27,800.810,800.950,782.553,780.960,7668657
2011-12-28,777.433,778.446,778.324,758.139,8120983
2011-12-29,774.465,783.142,780.481,771.759,7380243
2011-12-30,781.164,797.001,796.981,781.164,8218598
2012-01-04,801.659,804.300,776.207,776.207,7814865
2012-01-05,771.623,771.623,744.040,742.395,8551752
2012-01-06,740.820,745.832,745.832,724.457,8154975
2012-01-09,744.897,771.822,771.822,735.639,11024005
2012-01-10,771.526,803.105,803.105,769.629,15726316
2012-01-11,802.089,808.572,801.949,796.826,12912020
2012-01-12,798.879,810.858,798.919,797.028,11604586
2012-01-13,798.548,800.464,768.566,764.190,11514380
2012-01-16,760.095,761.672,739.261,739.261,7476028
2012-01-17,737.533,777.013,776.857,731.362,11269347
2012-01-18,779.117,784.357,754.334,751.798,11715217
2012-01-19,752.462,767.116,762.047,746.021,9833224
2012-01-20,762.838,778.115,776.256,762.152,8737743
2012-01-30,779.540,783.876,773.335,771.326,7645128
2012-01-31,772.422,774.242,772.765,764.800,6498243
2012-02-01,770.992,782.231,769.395,767.419,7346077
2012-02-02,771.150,783.944,783.944,769.119,8172159
2012-02-03,783.720,800.658,798.741,781.062,12344326
2012-02-06,800.645,809.253,807.621,799.325,12626019
2012-02-07,804.184,804.184,794.041,788.128,10441231
2012-02-08,792.830,815.569,815.569,790.172,12645321
2012-02-09,814.353,828.692,821.876,813.126,15729983
2012-02-10,820.427,830.638,825.572,819.722,13395558
2012-02-13,818.765,840.951,836.361,815.078,15013609
2012-02-14,836.314,839.277,836.323,830.635,13158312
2012-02-15,835.350,848.819,847.679,832.379,15125029
2012-02-16,846.639,854.096,844.916,837.264,15880317
2012-02-17,846.841,850.918,842.066,834.786,13571846
2012-02-20,852.750,854.671,844.067,843.535,14430199
2012-02-21,843.670,854.753,854.753,834.507,13833975
2012-02-22,855.650,874.181,874.181,855.017,20070322
2012-02-23,874.067,881.242,878.865,869.929,19433208
2012-02-24,878.107,887.123,887.123,874.716,18532274
2012-02-27,889.284,902.339,889.470,889.088,23160998
2012-02-28,885.680,888.306,881.434,871.556,17528179
2012-02-29,879.057,881.797,869.436,868.776,14370173
2012-03-01,865.530,878.746,873.632,864.878,11977372
2012-03-02,874.843,890.367,890.367,874.843,15233659
2012-03-06,888.091,888.898,883.754,875.445,17912142
2012-03-07,874.494,893.070,882.626,872.051,18602126
2012-03-08,885.023,896.737,894.415,885.023,17384247
2012-03-09,896.645,910.414,910.414,896.645,17330294
2012-03-12,911.271,915.955,915.955,907.910,17377156
2012-03-13,915.495,924.772,924.772,914.113,16981667
2012-03-14,927.695,934.071,887.458,881.676,27833275
2012-03-15,885.941,893.507,882.811,867.129,19144996
2012-03-16,884.327,906.833,906.833,883.142,17024984
2012-03-19,905.893,915.225,915.225,901.494,15238031
2012-03-20,912.299,912.299,891.993,891.638,13835969
2012-03-21,895.121,899.807,892.923,879.220,13733076
2012-03-22,891.979,896.150,889.922,884.795,11682676
2012-03-23,886.844,888.331,875.135,871.809,11668093
2012-03-26,873.097,879.266,875.985,869.501,9730600
2012-03-27,878.648,883.810,871.844,871.201,10675326
2012-03-28,868.397,868.397,833.761,831.901,13144511
2012-03-29,829.296,830.315,819.244,810.328,11601946
2012-03-30,818.349,823.821,815.151,808.229,10105661
2012-04-05,815.256,842.050,841.418,813.164,11817635
2012-04-06,841.019,849.420,846.345,837.617,10245277
2012-04-09,844.285,846.437,835.583,835.583,8878380
2012-04-10,832.159,842.390,842.390,816.304,10254468
2012-04-11,833.614,848.576,844.039,829.763,10813376
2012-04-12,844.022,859.954,859.954,842.508,14300129
2012-04-13,861.785,868.561,864.232,858.874,15137645
2012-04-16,859.817,866.583,862.533,856.900,11259946
2012-04-17,861.387,864.752,853.187,852.924,11913892
2012-04-18,854.736,871.259,870.920,854.023,14805748
2012-04-19,870.791,874.428,868.641,864.797,13047638
2012-04-20,867.689,873.501,872.937,864.701,14796641
2012-04-23,872.114,872.114,856.017,852.997,16301869
2012-04-24,849.416,858.269,847.044,826.715,17860086
2012-04-25,844.270,853.991,852.754,841.739,16020292
2012-04-26,853.071,856.172,851.341,847.455,15949348
2012-04-27,850.040,851.146,846.593,844.582,11615204
2012-05-02,856.054,862.410,859.022,849.449,14061219
2012-05-03,857.746,863.270,863.219,856.673,12484408
2012-05-04,863.354,872.125,871.715,861.925,12540988
2012-05-07,868.680,882.743,882.743,867.775,14201932
2012-05-08,883.004,886.242,883.316,875.365,14088547
2012-05-09,877.677,877.677,868.707,867.732,13765571
2012-05-10,868.287,874.412,871.042,866.982,11287220
2012-05-11,869.702,874.013,864.481,864.481,11476534
2012-05-14,870.485,871.792,860.843,860.442,12521064
2012-05-15,854.633,859.338,859.338,848.766,12289038
2012-05-16,858.105,859.857,847.684,847.684,10197239
2012-05-17,848.064,858.744,857.723,846.187,10543936
2012-05-18,853.167,856.380,845.366,843.303,10334879
2012-05-21,843.751,850.868,846.093,837.507,9174090
2012-05-22,849.222,857.084,857.084,849.222,9342609
2012-05-23,855.937,858.801,854.559,847.485,10823183
2012-05-24,852.947,856.973,847.545,844.717,11614476
2012-05-25,847.465,849.086,836.667,834.033,11012128
2012-05-28,833.928,847.181,847.181,822.742,12694991
2012-05-29,847.217,863.018,861.766,846.060,15851187
2012-05-30,860.886,866.913,864.160,859.369,14471245
2012-05-31,859.726,872.317,869.334,857.296,14230911
2012-06-01,868.934,872.878,866.084,862.815,11844927
2012-06-04,853.946,860.094,843.183,843.183,13981455
2012-06-05,843.592,847.630,842.751,839.363,10579795
2012-06-06,843.981,846.875,841.697,838.000,8810872
2012-06-07,848.414,851.085,835.597,833.896,10020362
2012-06-08,841.684,842.691,831.108,829.508,10002845
2012-06-11,831.376,846.460,846.138,829.408,9844054
2012-06-12,842.696,849.027,844.737,840.536,9705263
2012-06-13,845.794,859.929,859.929,845.312,11467421
2012-06-14,858.513,863.993,854.921,854.429,11292545
2012-06-15,855.972,860.588,855.513,844.664,10706178
2012-06-18,857.985,866.300,863.697,857.614,10493263
2012-06-19,863.171,864.720,859.440,857.956,11091653
2012-06-20,860.680,863.363,856.858,855.130,10201122
2012-06-21,854.624,854.624,843.743,839.471,9791791
2012-06-25,840.681,840.681,824.861,824.674,9770051
2012-06-26,820.882,826.333,823.036,812.108,8380942
2012-06-27,822.409,833.307,823.840,821.853,8679571
2012-06-28,824.618,828.414,814.556,814.556,9045605
2012-06-29,811.260,825.439,825.439,807.988,9892584
2012-07-02,829.333,840.502,838.378,826.938,10842642
2012-07-03,838.464,847.193,841.760,836.854,11431003
2012-07-04,842.878,844.124,836.119,833.725,10776781
2012-07-05,833.130,833.130,820.994,817.654,10059356
2012-07-06,823.735,839.113,839.113,817.826,12072415
2012-07-09,835.197,841.638,824.433,824.433,12852539
2012-07-10,821.217,824.540,816.787,815.666,9590278
2012-07-11,814.977,822.560,822.543,812.401,8857840
2012-07-12,820.185,836.874,834.897,817.549,13024425
2012-07-13,832.748,838.008,830.077,827.209,10898035
2012-07-16,827.681,827.681,796.952,796.935,13818660
2012-07-17,793.848,800.060,799.452,789.984,9724165
2012-07-18,798.267,801.692,801.692,785.256,10263320
2012-07-19,800.272,813.126,808.030,798.156,12561537
2012-07-20,806.171,809.702,801.060,799.091,11411389
2012-07-23,797.086,797.918,792.837,788.808,9529947
2012-07-24,788.710,804.021,800.955,787.279,8988292
2012-07-25,799.067,803.571,796.776,795.936,8812079
2012-07-26,796.153,801.043,790.030,789.722,9814745
2012-07-27,791.494,794.363,784.409,781.687,8572893
2012-07-30,783.300,788.196,771.049,768.420,8539754
2012-07-31,769.970,771.128,760.430,756.142,8644310
2012-08-01,759.387,777.008,771.951,759.316,8358176
2012-08-02,771.010,774.832,766.565,763.351,8521443
2012-08-03,767.840,781.790,781.790,766.126,9923209
2012-08-06,779.394,801.195,801.029,778.112,12548660
2012-08-07,800.805,809.843,809.843,800.200,13832494
2012-08-08,809.778,811.873,806.703,801.705,12902081
2012-08-09,805.847,820.035,820.034,802.591,13357161
2012-08-10,819.319,821.448,819.494,815.971,12668902
2012-08-13,817.911,817.911,803.431,802.994,11674587
2012-08-14,802.234,804.255,804.255,785.003,13520330
2012-08-15,801.931,805.729,801.422,796.823,12176868
2012-08-16,797.914,800.427,793.462,791.996,9804945
2012-08-17,792.366,793.479,790.080,782.842,8604146
2012-08-20,785.859,792.694,791.531,780.161,8316648
2012-08-21,791.290,806.816,803.228,789.555,12416449
2012-08-22,803.559,805.511,797.231,793.876,10858596
2012-08-23,796.904,801.605,800.849,790.206,12273484
2012-08-24,799.294,799.329,786.966,786.572,11742767
2012-08-27,783.822,783.822,770.238,769.462,10460913
2012-08-28,767.967,777.817,772.909,766.278,9731836
2012-08-29,771.117,780.809,772.413,768.272,10349574
2012-08-30,770.806,775.097,757.866,746.547,12947540
2012-08-31,755.575,761.983,759.813,753.397,8364643
2012-09-03,759.441,778.033,777.024,758.170,11405627
2012-09-04,777.200,781.665,770.971,770.054,11509251
2012-09-05,769.049,779.641,777.209,768.004,11538778
2012-09-06,778.294,786.386,786.386,778.294,12665930
2012-09-07,791.441,821.229,813.373,791.441,24141061
2012-09-10,815.314,823.813,821.517,813.045,20895283
2012-09-11,818.212,819.981,819.981,812.878,17123345
2012-09-12,822.852,826.362,823.359,815.145,16352113
2012-09-13,823.041,825.060,811.418,811.317,15230588
2012-09-14,817.731,820.814,811.290,804.960,15632310
2012-09-17,810.031,810.838,790.068,790.068,13105133
2012-09-18,786.461,792.798,786.976,783.426,9833645
2012-09-19,787.937,794.375,793.817,786.347,10346902
2012-09-20,791.853,791.853,770.484,769.297,13166240
2012-09-21,767.796,772.537,762.266,761.435,11232840
2012-09-24,758.472,772.949,769.617,752.856,9242770
2012-09-25,768.212,773.350,764.504,762.636,8373473
2012-09-26,763.557,766.107,745.828,744.542,9194635
2012-09-27,744.991,769.006,763.821,744.756,11054968
2012-09-28,760.502,780.406,780.295,759.095,11764956
2012-10-08,780.836,785.298,776.348,772.381,8389066
2012-10-09,777.535,797.172,797.123,777.535,13353768
2012-10-10,795.889,806.552,806.422,793.748,15463676
2012-10-11,804.106,806.047,794.866,794.604,15368349
2012-10-12,796.641,803.329,790.424,783.663,12782129
2012-10-15,790.365,790.775,783.679,776.448,11593773
2012-10-16,783.058,792.490,786.980,780.984,10411370
2012-10-17,789.016,791.167,788.978,780.610,10772150
2012-10-18,789.854,803.491,802.648,789.854,13961073
2012-10-19,802.857,804.545,800.114,797.534,10767388
2012-10-22,796.981,804.886,803.762,795.015,11507101
2012-10-23,803.423,803.755,793.135,792.231,12319444
2012-10-24,788.793,792.991,788.175,786.070,11589407
2012-10-25,788.156,792.714,780.721,779.691,13271726
2012-10-26,779.541,780.294,765.847,759.320,12453932
2012-10-29,763.329,769.235,766.716,760.714,9746058
2012-10-30,765.720,772.852,764.937,764.197,9587510
2012-10-31,764.260,768.291,768.213,762.876,9460489
2012-11-01,768.458,782.250,781.036,768.458,13092916
2012-11-02,780.570,782.295,780.150,774.730,11136063
2012-11-05,778.315,782.247,774.907,772.668,10846856
2012-11-06,773.886,774.697,769.419,760.144,10784134
2012-11-07,768.931,772.215,768.517,765.607,9009400
2012-11-08,762.988,762.988,749.005,748.992,10241783
2012-11-09,747.843,750.685,745.161,743.057,8433004
2012-11-12,745.843,750.549,746.104,740.817,7937160
2012-11-13,745.943,745.943,731.787,730.483,10342110
2012-11-14,731.828,734.806,733.529,726.109,8672391
2012-11-15,730.469,733.420,722.448,722.037,8225351
2012-11-16,721.031,721.031,717.035,711.591,7485556
2012-11-19,716.552,717.569,717.569,706.745,6970948
2012-11-20,719.215,721.368,715.296,714.914,6882735
2012-11-21,714.824,721.290,721.290,705.407,8862875
2012-11-22,717.915,717.915,712.437,710.456,7898246
2012-11-23,712.911,717.937,714.379,711.294,6808145
2012-11-26,713.315,713.922,703.184,702.291,7639151
2012-11-27,700.182,700.182,680.756,679.846,9998935
2012-11-28,677.624,677.624,667.246,665.903,8826236
2012-11-29,667.013,673.470,661.805,660.949,7593266
2012-11-30,661.602,670.753,670.522,660.323,7826022
2012-12-03,669.739,673.641,653.520,653.001,8439444
2012-12-04,651.622,662.440,661.573,645.210,9296214
2012-12-05,660.808,690.560,687.009,658.639,15404973
2012-12-06,686.753,689.846,684.580,680.407,10601045
2012-12-07,684.297,699.069,698.584,682.103,15988627
2012-12-10,699.845,710.950,710.462,697.349,17545290
2012-12-11,708.393,711.232,705.604,704.262,14779581
2012-12-12,705.252,707.912,704.479,697.288,12661560
2012-12-13,702.892,704.462,696.209,695.933,12500046
2012-12-14,694.668,725.333,724.400,694.668,23143654
2012-12-17,724.742,728.037,724.234,718.126,21380003
2012-12-18,722.994,730.921,721.851,718.166,19734734
2012-12-19,720.389,728.351,726.704,718.747,15820512
2012-12-20,724.811,729.683,728.752,717.540,16126364
2012-12-21,728.499,737.721,730.412,725.841,16276566
2012-12-24,729.781,736.538,736.407,729.027,13516065
2012-12-25,735.107,755.193,752.938,733.904,22086172
2012-12-26,752.872,764.994,764.994,752.026,20715631
2012-12-27,766.860,769.981,759.655,757.590,21409676
2012-12-28,759.251,767.778,767.778,756.062,17575864
2012-12-31,768.738,775.246,775.246,767.032,18639686
2013-01-04,779.253,780.616,766.419,757.492,19337138
2013-01-07,764.474,773.856,773.771,760.826,19585430
2013-01-08,773.870,787.763,785.621,770.791,25082204
2013-01-09,785.565,798.055,791.849,784.393,25513623
2013-01-10,791.223,799.314,796.975,790.201,22658092
2013-01-11,798.163,800.063,783.467,781.744,24561644
2013-01-14,782.613,815.647,815.647,782.427,27032724
2013-01-15,816.937,836.944,833.085,816.937,34051443
2013-01-16,832.009,837.712,833.826,818.950,30082112
2013-01-17,831.799,833.009,823.418,820.147,23556114
2013-01-18,825.183,836.705,835.188,821.516,22476879
2013-01-21,836.563,838.171,836.834,831.293,22453563
2013-01-22,835.917,835.917,822.878,815.830,23952796
2013-01-23,820.521,824.911,822.764,812.551,18769245
2013-01-24,823.374,831.075,803.940,797.498,25197747
2013-01-25,802.506,807.347,802.615,798.877,14822509
2013-01-28,802.863,820.596,820.596,802.863,18667606
2013-01-29,821.057,830.327,828.845,818.980,21071364
2013-01-30,827.856,829.699,827.621,822.646,20552225
2013-01-31,827.603,828.735,820.999,818.054,19415916
2013-02-01,818.758,827.979,825.091,817.370,19088165
2013-02-04,825.889,828.253,815.698,813.521,21974753
2013-02-05,812.585,824.886,824.886,811.304,17750564
2013-02-06,825.399,833.747,831.448,825.399,17197856
2013-02-07,831.571,842.413,841.293,830.168,17224589
2013-02-08,841.190,858.169,854.249,841.190,17093599
2013-02-18,858.039,859.474,856.570,850.446,20499665
2013-02-19,856.074,858.218,841.788,838.389,19875107
2013-02-20,841.456,861.156,861.156,840.287,19788605
2013-02-21,856.173,857.704,846.896,839.736,23878454
2013-02-22,845.604,855.229,845.846,844.967,17342502
2013-02-25,846.798,857.429,855.670,846.504,17192607
2013-02-26,852.215,860.287,843.077,842.463,21229591
2013-02-27,844.170,851.515,840.766,834.852,17835813
2013-02-28,842.468,856.201,856.201,838.336,21157582
2013-03-01,855.581,867.836,867.836,854.776,23666875
2013-03-04,861.210,862.471,842.745,837.292,27915308
2013-03-05,842.027,864.405,864.405,839.067,23286333
2013-03-06,866.865,880.571,880.571,866.865,28604979
2013-03-07,878.665,880.330,867.348,858.986,26259011
2013-03-08,867.853,873.053,858.330,857.468,18345161
2013-03-11,857.286,865.085,861.082,852.117,15939958
2013-03-12,860.185,864.916,837.798,828.132,22128814
2013-03-13,835.805,835.928,831.292,820.956,16236521
2013-03-14,829.434,841.545,839.272,827.950,13404979
2013-03-15,839.152,856.066,842.327,831.903,17719876
2013-03-18,839.756,843.451,830.042,829.358,15136460
2013-03-19,830.283,835.478,831.026,819.069,14397926
2013-03-20,830.984,853.658,853.658,830.553,17796352
2013-03-21,853.691,867.609,864.104,852.726,18671350
2013-03-22,863.154,869.545,867.301,861.955,17205742
2013-03-25,868.160,870.613,867.911,860.355,16170717
2013-03-26,864.867,866.055,864.771,852.491,16844090
2013-03-27,864.483,873.642,865.608,860.225,16822054
2013-03-28,859.464,859.464,845.727,845.054,18159876
2013-03-29,846.298,851.657,847.039,842.664,14258515
2013-04-01,846.096,852.679,849.056,843.951,14862112
2013-04-02,848.478,855.483,829.612,828.463,17152653
2013-04-03,829.589,832.589,821.885,817.998,15532212
2013-04-08,811.421,832.353,832.353,803.941,15152888
2013-04-09,833.592,841.416,839.422,833.592,14512168
2013-04-10,838.649,842.399,834.897,827.781,13796915
2013-04-11,837.040,839.438,830.791,830.440,12241752
2013-04-15,823.628,825.203,814.879,812.387,11881681
2013-04-16,807.535,824.437,823.912,805.506,11975379
2013-04-17,823.379,837.352,837.118,823.245,12545339
2013-04-18,833.754,844.613,839.855,831.050,12884618
2013-04-19,840.381,859.030,856.041,840.381,18185924
2013-04-22,852.311,863.959,863.959,851.969,17842898
2013-04-23,864.058,864.058,839.892,838.687,18372191
2013-04-24,838.980,860.880,860.012,837.436,18865179
2013-04-25,856.881,862.152,843.464,843.464,19867459
2013-04-26,841.691,844.678,825.557,823.975,15642801
2013-05-02,819.867,832.711,832.437,817.222,12357080
2013-05-03,834.202,853.662,849.726,834.202,17547523
2013-05-06,851.178,867.436,866.676,851.178,19894090
2013-05-07,865.657,871.028,865.551,860.685,18616987
2013-05-08,866.865,876.139,876.138,866.764,19819608
2013-05-09,874.966,879.374,879.335,869.062,23839770
2013-05-10,876.825,884.213,880.467,871.043,21488302
2013-05-13,880.259,885.995,885.995,878.112,19646598
2013-05-14,884.963,885.141,876.076,870.240,19360133
2013-05-15,876.074,893.076,893.076,876.074,19327383
2013-05-16,891.799,907.604,901.374,889.143,25637668
2013-05-17,901.132,918.938,917.393,900.683,26082427
2013-05-20,919.787,933.639,932.178,917.602,32381407
2013-05-21,930.416,949.339,949.339,929.657,32024200
2013-05-22,948.169,952.033,937.449,933.014,29946237
2013-05-23,933.378,948.512,934.403,930.930,26050040
2013-05-24,934.790,950.276,950.276,934.790,23462428
2013-05-28,960.259,962.143,951.889,943.754,26696479
2013-05-29,952.967,960.273,959.992,951.343,25652140
2013-05-30,956.290,961.549,959.611,952.446,25885663
2013-05-31,960.701,962.924,950.014,949.782,25656722
2013-06-03,948.446,951.913,938.477,936.078,23832394
2013-06-04,937.536,937.536,918.088,910.138,23608343
2013-06-05,916.886,927.086,924.203,915.646,17752398
2013-06-06,921.245,923.274,910.613,909.517,18182578
2013-06-07,910.757,915.698,897.437,891.336,20570998
2013-06-13,885.629,885.629,873.004,851.660,18004557
2013-06-14,874.382,899.459,897.244,874.382,18529373
2013-06-17,899.696,909.516,901.022,894.912,19750374
2013-06-18,901.209,902.646,898.822,887.275,16397253
2013-06-19,894.480,897.374,896.748,880.828,17061238
2013-06-20,890.498,891.550,864.636,864.095,16526392
2013-06-21,846.451,867.463,861.860,835.593,16195571
2013-06-24,859.824,859.824,808.443,799.104,20462461
2013-06-25,799.072,813.469,810.503,745.647,25707249
2013-06-26,813.690,835.769,835.769,807.399,21871642
2013-06-27,837.431,848.463,819.724,818.941,22730552
2013-06-28,812.983,835.665,818.249,804.761,17853468
2013-07-01,814.767,839.867,839.862,811.977,16746045
2013-07-02,840.095,859.249,857.663,838.792,20223611
2013-07-03,856.182,865.968,863.799,844.115,22334328
2013-07-04,857.832,877.972,865.905,853.871,23847928
2013-07-05,866.723,872.457,856.644,856.644,21184248
2013-07-08,843.355,846.563,822.594,822.594,19315354
2013-07-09,821.943,828.495,824.681,814.052,14433979
2013-07-10,825.049,847.027,847.027,823.615,18985876
2013-07-11,847.091,877.678,869.582,847.091,27146007
2013-07-12,868.751,881.163,865.228,864.976,23795172
2013-07-15,867.549,888.262,888.262,867.549,23965978
2013-07-16,891.432,900.262,899.932,886.783,25489344
2013-07-17,897.130,902.553,881.556,876.849,25219233
2013-07-18,878.344,886.912,879.335,870.143,22729769
2013-07-19,878.531,891.079,863.676,863.676,28197071
2013-07-22,856.818,878.609,878.609,853.061,22410862
2013-07-23,881.444,903.882,903.882,881.444,28366013
2013-07-24,901.500,913.940,911.071,894.851,28789322
2013-07-25,911.534,915.055,891.987,888.764,26214164
2013-07-26,887.737,894.952,888.650,875.058,20937051
2013-07-29,883.805,887.043,871.570,870.670,20949532
2013-07-30,872.719,877.209,862.574,848.364,20520125
2013-07-31,866.722,875.013,864.095,861.494,19127107
2013-08-01,866.041,894.153,894.153,865.633,25000745
2013-08-02,898.354,910.172,900.546,898.354,26970107
2013-08-05,901.524,919.034,919.034,901.257,23877965
2013-08-06,919.746,935.332,932.392,917.852,28332585
2013-08-07,933.074,936.115,919.913,917.992,28740214
2013-08-08,917.306,930.014,927.321,914.891,22561019
2013-08-09,929.309,936.849,926.052,914.557,24879447
2013-08-12,928.908,936.949,935.299,923.433,27959808
2013-08-13,934.890,939.567,939.567,928.263,24241766
2013-08-14,939.565,943.718,936.049,932.025,24449969
2013-08-15,935.713,938.274,922.254,922.002,21011978
2013-08-16,917.329,932.148,897.428,896.514,26589396
2013-08-19,893.768,916.353,916.353,892.760,19330696
2013-08-20,915.391,925.650,914.634,910.546,21804961
2013-08-21,915.142,921.160,921.160,909.857,22489764
2013-08-22,919.028,926.426,923.467,916.993,22697720
2013-08-23,925.746,931.580,925.244,906.884,28597197
2013-08-26,925.878,943.588,943.588,925.878,25800612
2013-08-27,943.566,946.510,946.510,937.210,23924314
2013-08-28,940.187,941.258,931.430,930.583,27247229
2013-08-29,931.693,934.717,926.862,922.917,22340280
2013-08-30,926.085,930.627,908.266,903.730,28100268
2013-09-02,907.159,922.682,922.682,906.137,20978619
2013-09-03,923.944,937.073,937.073,923.710,23439941
2013-09-04,936.441,939.426,934.769,931.924,24127775
2013-09-05,934.667,938.389,936.020,930.496,23837215
2013-09-06,934.720,941.219,939.892,932.825,21895823
2013-09-09,941.580,946.079,945.912,938.747,26585236
2013-09-10,946.515,947.476,947.476,937.978,29498767
2013-09-11,944.230,944.236,933.123,927.249,31909891
2013-09-12,930.352,939.274,933.798,928.692,25444966
2013-09-13,935.596,942.687,941.270,933.770,23887690
2013-09-16,944.394,951.651,950.137,943.476,25593802
2013-09-17,949.324,951.463,939.341,939.160,25887117
2013-09-18,939.415,944.677,944.677,933.722,20521784
2013-09-23,946.703,970.420,970.420,946.703,25901309
2013-09-24,972.852,980.821,979.876,968.887,29663260
2013-09-25,978.474,980.286,971.858,970.128,29376922
2013-09-26,969.234,974.113,959.146,958.030,28852516
2013-09-27,960.369,967.623,961.560,957.428,23721211
2013-09-30,963.942,974.236,974.236,963.942,21025189
2013-10-08,975.150,992.770,991.187,973.646,27406976
2013-10-09,987.956,999.266,999.266,984.209,26582482
2013-10-10,1000.216,1003.421,995.226,990.206,30520778
2013-10-11,998.335,1004.656,999.200,992.957,29185884
2013-10-14,1000.227,1011.127,1009.420,999.064,32088179
2013-10-15,1009.089,1009.608,1002.415,995.027,31675538
2013-10-16,998.852,998.852,978.418,972.610,30083948
2013-10-17,982.544,988.828,976.253,973.379,27372191
2013-10-18,977.061,982.961,982.147,972.868,21391547
2013-10-21,984.064,1009.381,1009.381,984.064,28985385
2013-10-22,1009.829,1013.833,999.706,997.792,33908232
2013-10-23,999.792,1002.115,974.241,969.426,30446203
2013-10-24,971.777,976.479,967.596,965.510,19049065
2013-10-25,969.409,973.035,945.227,938.315,23782968
2013-10-28,943.465,946.563,943.195,937.414,18540440
2013-10-29,942.710,951.984,927.939,902.622,29028088
2013-10-30,925.635,939.858,939.858,923.712,20083214
2013-10-31,933.990,934.032,921.787,920.536,20319247
2013-11-01,918.533,921.850,916.712,906.542,17712090
2013-11-04,918.887,929.991,924.745,918.887,15830153
2013-11-05,922.380,938.514,938.514,914.426,19598803
2013-11-06,936.821,945.718,929.981,929.981,21991368
2013-11-07,927.395,929.295,917.177,913.955,18557562
2013-11-08,911.863,915.496,905.588,900.651,16977704
2013-11-11,904.794,916.844,912.817,899.285,14407090
2013-11-12,912.634,918.276,916.596,906.817,15216445
2013-11-13,914.158,915.118,901.610,901.610,15777569
2013-11-14,900.799,915.032,915.032,892.556,16742184
2013-11-15,915.750,939.332,930.489,915.668,23121754
2013-11-18,935.865,948.507,948.507,934.165,25338775
2013-11-19,949.181,952.823,949.879,944.249,23033385
2013-11-20,952.554,956.288,956.288,947.298,22360704
2013-11-21,953.028,957.149,955.299,945.023,25994314
2013-11-22,955.781,958.522,951.345,949.843,22058970
2013-11-25,948.713,959.598,948.732,946.149,21006506
2013-11-26,947.553,954.101,951.934,943.556,20025523
2013-11-27,951.582,966.422,966.183,951.043,23526948
2013-11-28,967.802,980.953,974.002,967.712,26800056
2013-11-29,974.180,981.893,980.802,973.732,24232927
2013-12-02,957.566,966.178,929.380,924.790,33234547
2013-12-03,923.063,951.814,951.306,922.078,22644759
2013-12-04,951.087,971.301,963.875,949.953,27740989
2013-12-05,963.492,967.372,957.271,956.862,23889592
2013-12-06,955.678,960.396,954.832,952.019,20663343
2013-12-09,957.377,963.220,963.220,957.377,19731084
2013-12-10,964.594,967.793,964.656,959.636,22344960
2013-12-11,961.681,961.681,956.554,950.173,19594935
2013-12-12,955.601,966.746,963.228,955.601,17871428
2013-12-13,957.238,967.377,965.922,954.245,17054726
2013-12-16,966.426,967.290,950.761,949.392,20457373
2013-12-17,950.081,952.002,945.509,942.949,15592332
2013-12-18,946.210,951.267,946.252,942.689,15065541
2013-12-19,947.721,951.979,938.998,938.555,14883999
2013-12-20,939.591,941.976,929.709,924.999,16113810
2013-12-23,928.625,932.298,929.424,914.362,14005080
2013-12-24,930.441,944.293,936.847,928.869,14789388
2013-12-25,937.000,949.582,949.582,934.121,14548182
2013-12-26,948.683,949.617,933.075,933.017,16215217
2013-12-27,933.143,951.819,949.206,932.251,16975808
2013-12-30,953.657,955.471,951.907,949.251,18499779
2013-12-31,947.996,955.217,954.801,945.413,16288831
2014-01-02,954.325,970.400,969.479,952.749,19021462
2014-01-03,967.223,974.285,970.830,966.390,22554924
2014-01-06,969.263,969.263,948.922,947.659,22964572
2014-01-07,944.668,956.181,955.952,942.396,19157276
2014-01-08,956.694,966.793,963.571,954.810,22332091
2014-01-09,961.041,970.805,948.593,948.559,22350999
2014-01-10,945.769,947.790,931.028,928.702,18639494
2014-01-13,931.589,937.668,926.560,920.249,17188924
2014-01-14,926.187,943.985,943.985,922.423,19210410
2014-01-15,944.042,955.602,955.602,943.710,20687788
2014-01-16,956.077,961.468,951.468,951.229,20889459
2014-01-17,948.699,950.826,940.257,940.084,18472772
2014-01-20,938.420,943.129,930.789,925.171,17972769
2014-01-21,930.588,943.442,943.442,930.588,19140058
2014-01-22,944.222,966.747,966.747,943.907,26288896
2014-01-23,967.526,979.578,975.890,966.854,25636900
2014-01-24,974.482,994.611,991.711,973.757,28158418
2014-01-27,988.054,1000.004,989.580,983.081,26736346
2014-01-28,990.337,994.945,983.119,974.994,21660416
2014-01-29,984.009,993.424,992.401,983.164,21745989
2014-01-30,991.160,992.625,983.224,980.532,17848506
2014-02-07,976.549,1001.509,1001.509,973.410,21501332
2014-02-10,1006.887,1034.161,1033.003,1006.887,33946053
2014-02-11,1035.080,1038.500,1028.018,1017.102,34030538
2014-02-12,1028.336,1039.577,1039.577,1021.867,31951401
2014-02-13,1038.789,1044.029,1023.136,1022.778,33013647
2014-02-14,1022.762,1039.261,1039.261,1020.289,27586900
2014-02-17,1043.995,1059.104,1059.104,1042.421,34827026
2014-02-18,1060.640,1061.001,1055.733,1051.114,37595236
2014-02-19,1055.582,1061.127,1057.153,1047.910,34134656
2014-02-20,1057.397,1059.625,1036.594,1033.166,31383304
2014-02-21,1034.713,1042.219,1033.528,1024.870,24082324
2014-02-24,1029.266,1035.629,1035.629,1015.528,26588506
2014-02-25,1037.538,1043.049,991.042,984.559,35533128
2014-02-26,984.409,994.378,994.378,970.541,25821937
2014-02-27,997.773,1010.734,975.831,975.177,28794499
2014-02-28,974.831,989.658,989.658,965.234,26242340
2014-03-03,991.251,1006.623,1006.622,989.492,25974444
2014-03-04,1002.279,1003.374,1000.437,990.363,25474230
2014-03-05,1003.008,1007.734,999.419,998.292,25583089
2014-03-06,997.184,999.091,996.186,983.120,25027709
2014-03-07,995.640,1001.249,991.516,987.318,23910006
2014-03-10,983.171,983.171,953.420,952.731,24702495
2014-03-11,949.513,960.364,950.634,942.223,20294770
2014-03-12,948.764,957.615,947.587,933.737,21952233
2014-03-13,948.004,961.300,961.238,948.004,18007530
2014-03-14,956.976,963.119,957.520,951.137,16487478
2014-03-17,960.358,977.661,977.566,958.618,19294385
2014-03-18,978.710,987.943,981.458,978.630,21089696
2014-03-19,979.513,979.513,972.757,965.214,21279076
2014-03-20,970.285,976.653,943.043,943.043,22948298
2014-03-21,937.514,962.125,961.164,927.822,22762532
2014-03-24,961.473,964.375,960.858,955.195,21597020
2014-03-25,957.575,964.033,959.648,954.072,20124284
2014-03-26,961.285,966.828,965.099,961.011,18539132
2014-03-27,964.053,964.053,944.027,944.027,19853481
2014-03-28,941.681,944.437,918.970,916.527,19844180
2014-03-31,917.924,922.870,914.519,909.320,14703849
2014-04-01,913.565,930.983,930.913,913.260,13924563
2014-04-02,931.292,934.532,929.784,927.392,15138819
2014-04-03,930.584,940.097,933.333,929.097,15087296
2014-04-04,931.838,944.862,944.862,929.453,14394537
2014-04-08,940.878,953.278,953.141,938.851,17242760
2014-04-09,954.201,963.564,962.322,954.193,17403126
2014-04-10,963.571,969.184,965.010,962.225,20113225
2014-04-11,961.294,961.664,959.514,953.988,17261844
2014-04-14,958.716,964.927,964.927,958.429,16154949
2014-04-15,963.727,964.506,957.868,956.250,17950636
2014-04-16,955.808,959.931,957.533,952.550,15131946
2014-04-17,959.457,963.411,960.186,958.966,16537056
2014-04-18,957.425,962.053,961.231,954.557,14606879
2014-04-21,955.954,965.979,948.234,947.499,18042903
2014-04-22,947.305,952.043,941.012,927.275,17140332
2014-04-23,940.635,946.314,939.840,936.003,13252952
2014-04-24,938.498,939.874,930.270,929.012,13344138
2014-04-25,929.564,931.043,912.011,911.876,14776764
2014-04-28,908.930,908.930,886.430,885.382,16093083
2014-04-29,882.807,896.275,896.275,882.807,12297484
2014-04-30,894.268,902.805,901.760,893.549,10733384
2014-05-05,900.421,911.843,911.595,896.205,11503272
2014-05-06,911.869,926.478,921.310,910.901,15342012
2014-05-07,918.818,918.818,904.307,903.749,14466702
2014-05-08,901.553,914.962,901.887,900.255,14986053
2014-05-09,901.264,901.888,892.933,884.536,14110388
2014-05-12,898.092,914.324,914.324,894.778,18651460
2014-05-13,913.727,917.339,911.735,908.767,15465765
2014-05-14,911.094,915.104,912.624,908.879,12413711
2014-05-15,911.534,912.136,894.000,892.821,14323092
2014-05-16,891.668,894.548,892.468,882.496,13321221
2014-05-19,891.062,891.062,887.711,881.131,11007420
2014-05-20,891.687,899.568,890.962,888.640,12138167
2014-05-21,889.002,899.930,899.930,882.421,13135333
2014-05-22,900.851,911.597,900.463,900.014,16158310
2014-05-23,900.882,910.585,910.585,898.975,15376196
2014-05-26,914.914,920.628,920.628,914.540,18543272
2014-05-27,919.331,922.282,917.519,916.011,16116791
2014-05-28,917.869,932.117,931.917,916.148,20575645
2014-05-29,932.816,934.530,921.038,920.413,20154010
2014-05-30,919.871,927.626,924.614,914.695,18015630
2014-06-03,925.258,929.781,924.298,923.947,15284776
2014-06-04,922.828,922.828,914.192,906.292,15471940
2014-06-05,913.000,925.070,925.070,911.285,14808223
2014-06-06,925.350,929.787,924.748,920.083,17364877
2014-06-09,922.290,926.356,918.224,917.739,16802643
2014-06-10,918.653,931.467,931.467,914.312,18891685
2014-06-11,930.263,936.670,935.662,929.008,19141677
2014-06-12,933.808,936.000,932.259,929.157,19069247
2014-06-13,931.217,944.817,943.810,930.430,23947517
2014-06-16,944.441,951.103,950.244,943.843,23250153
2014-06-17,949.047,949.047,940.319,939.931,22518139
2014-06-18,940.223,941.853,935.297,934.715,20933782
2014-06-19,934.920,937.066,909.954,904.541,21737044
2014-06-20,909.461,919.190,919.190,908.600,16792673
2014-06-23,920.479,930.927,927.743,920.479,18431786
2014-06-24,928.013,932.987,932.987,926.639,18980836
2014-06-25,932.735,932.735,927.845,924.562,17317504
2014-06-26,927.887,941.570,940.735,927.887,21092115
2014-06-27,941.264,950.166,945.478,938.974,25009884
2014-06-30,946.450,955.625,955.625,944.223,25384760
2014-07-01,956.314,962.346,962.288,953.127,24739348
2014-07-02,962.545,966.924,966.924,957.420,26176568
2014-07-03,966.508,975.482,972.817,964.153,26627602
2014-07-04,974.670,975.234,972.030,970.413,23849178
2014-07-07,973.232,976.530,969.689,966.499,22550520
2014-07-08,968.431,975.806,975.796,960.595,23369702
2014-07-09,974.158,976.857,959.716,959.716,27420086
2014-07-10,959.128,962.864,953.196,951.626,22370998
2014-07-11,952.295,961.815,959.141,951.572,22157007
2014-07-14,960.457,969.358,969.358,957.337,26323502
2014-07-15,968.852,971.040,966.433,960.364,26855296
2014-07-16,964.924,967.520,955.865,951.977,22843502
2014-07-17,954.866,954.866,949.258,943.977,17390467
2014-07-18,946.777,956.150,950.542,945.762,17389709
2014-07-21,951.472,953.552,951.052,945.551,16696198
2014-07-22,950.219,962.445,962.445,949.558,20704579
2014-07-23,962.347,964.157,952.421,948.703,21376776
2014-07-24,952.285,954.959,946.073,936.953,24446036
2014-07-25,946.816,956.185,956.183,946.816,21236723
2014-07-28,959.134,974.570,973.888,959.134,32351532
2014-07-29,974.473,989.877,986.575,973.175,32680637
2014-07-30,985.865,992.435,991.641,984.195,28814077
2014-07-31,990.789,998.783,998.783,988.448,27035820
2014-08-01,995.503,1001.804,987.443,986.221,32161372
2014-08-04,989.366,1000.557,1000.557,988.709,25921748
2014-08-05,1001.817,1008.477,1008.477,995.720,30474988
2014-08-06,1005.691,1015.595,1014.159,1001.823,29534605
2014-08-07,1014.919,1019.923,1005.307,1004.979,28183800
2014-08-08,1005.620,1015.269,1013.080,1005.620,24342423
2014-08-11,1015.691,1028.278,1028.278,1015.691,28590382
2014-08-12,1028.381,1033.406,1033.406,1025.855,29484342
2014-08-13,1033.669,1036.921,1033.028,1021.630,30572534
2014-08-14,1032.311,1038.588,1027.466,1026.932,30749596
2014-08-15,1027.904,1041.351,1039.296,1026.216,30115005
2014-08-18,1042.106,1054.409,1054.409,1042.106,34240799
2014-08-19,1055.803,1060.068,1057.406,1050.612,36201492
2014-08-20,1056.770,1063.136,1056.472,1053.425,33683156
2014-08-21,1057.281,1058.774,1057.129,1043.990,31566223
2014-08-22,1055.990,1065.531,1064.357,1055.045,29889029
2014-08-25,1066.284,1066.361,1058.334,1054.914,28831342
2014-08-26,1056.931,1061.395,1041.667,1038.117,31163407
2014-08-27,1041.963,1052.313,1050.029,1041.963,25286569
2014-08-28,1049.830,1052.314,1040.428,1037.000,26092424
2014-08-29,1040.132,1051.736,1051.736,1038.749,21214806
2014-09-01,1053.572,1069.932,1069.932,1053.572,27951805
2014-09-02,1072.378,1083.420,1083.420,1071.144,35992154
2014-09-03,1086.871,1094.325,1092.626,1083.839,39379405
2014-09-04,1093.757,1099.980,1099.221,1089.349,38445504
2014-09-05,1101.144,1104.008,1103.847,1093.757,39960392
2014-09-09,1105.590,1109.772,1108.987,1097.784,36734513
2014-09-10,1107.134,1114.053,1112.953,1100.979,36967155
2014-09-11,1113.886,1125.340,1109.982,1104.338,46044974
2014-09-12,1109.369,1121.718,1121.718,1106.740,37015506
2014-09-15,1121.675,1132.788,1131.532,1118.685,43196078
2014-09-16,1131.984,1132.301,1089.439,1089.439,49875881
2014-09-17,1090.174,1096.062,1096.062,1077.604,36243320
2014-09-18,1094.052,1102.235,1102.235,1090.569,31847488
2014-09-19,1103.488,1114.457,1113.349,1101.485,30777802
2014-09-22,1112.501,1112.501,1099.067,1095.808,32150180
2014-09-23,1098.057,1112.530,1112.530,1098.057,30053074
2014-09-24,1110.845,1126.014,1124.863,1108.029,35114345
2014-09-25,1129.437,1138.268,1126.700,1123.151,40508541
2014-09-26,1125.154,1130.080,1129.671,1122.098,32590318
2014-09-29,1133.156,1141.676,1140.830,1133.156,36307085
2014-09-30,1142.975,1150.509,1148.837,1141.064,35342497
2014-10-08,1152.499,1163.555,1163.555,1145.765,37583757
2014-10-09,1165.556,1169.421,1167.048,1151.064,44673674
2014-10-10,1162.198,1165.948,1159.074,1152.866,38832410
2014-10-13,1154.258,1154.258,1152.922,1138.239,34626002
2014-10-14,1151.516,1159.983,1148.777,1142.003,33387781
2014-10-15,1147.747,1152.825,1152.824,1137.511,32381396
2014-10-16,1147.321,1157.952,1136.288,1136.288,36816781
2014-10-17,1134.072,1138.738,1125.097,1105.698,34897352
2014-10-20,1127.514,1142.042,1142.042,1127.514,27299098
2014-10-21,1142.608,1145.772,1133.597,1132.071,28344778
2014-10-22,1133.525,1137.254,1120.527,1120.196,25667927
2014-10-23,1118.233,1122.407,1106.697,1100.855,26934620
2014-10-24,1107.365,1115.915,1109.830,1105.852,22158661
2014-10-27,1106.928,1118.450,1118.450,1101.269,23064745
2014-10-28,1120.636,1142.556,1142.556,1120.636,30790331
2014-10-29,1145.412,1154.399,1153.568,1142.255,40463002
2014-10-30,1153.167,1158.579,1150.555,1147.682,36997903
2014-10-31,1151.358,1154.032,1146.957,1136.967,35252109
2014-11-03,1146.985,1154.114,1154.104,1146.628,32398848
2014-11-04,1154.019,1154.019,1145.819,1141.004,34272479
2014-11-05,1144.961,1146.375,1143.412,1138.178,29292498
2014-11-06,1143.149,1152.280,1152.279,1138.559,29683387
2014-11-07,1153.248,1156.780,1140.238,1135.424,36280847
2014-11-10,1141.545,1145.088,1145.088,1134.055,30244710
2014-11-11,1146.741,1147.326,1107.204,1100.002,40819044
2014-11-12,1104.267,1120.202,1120.202,1102.924,24582218
2014-11-13,1120.088,1120.088,1099.024,1092.684,31069832
2014-11-14,1095.588,1100.899,1100.382,1089.953,25576899
2014-11-17,1101.508,1117.726,1113.585,1096.694,27035971
2014-11-18,1113.416,1117.786,1115.654,1111.327,23186186
2014-11-19,1115.555,1127.426,1123.755,1114.923,27565491
2014-11-20,1120.247,1122.246,1118.714,1116.637,23720942
2014-11-21,1119.396,1127.265,1127.113,1119.077,26538926
2014-11-24,1135.626,1139.213,1136.450,1130.169,38670228
2014-11-25,1137.513,1155.300,1155.300,1136.676,41095703
2014-11-26,1157.243,1159.486,1157.170,1148.881,43475046
2014-11-27,1160.944,1161.801,1161.124,1152.285,47235057
2014-11-28,1160.961,1160.961,1158.112,1146.876,50071716
2014-12-01,1156.340,1156.340,1146.668,1139.549,44221312
2014-12-02,1145.403,1160.330,1158.385,1144.429,38995108
2014-12-03,1159.125,1172.192,1172.192,1150.723,57436764
2014-12-04,1173.248,1193.347,1192.385,1173.248,57120748
2014-12-05,1194.772,1194.772,1165.776,1137.018,63281940
2014-12-08,1160.398,1172.166,1167.296,1151.861,51506524
2014-12-09,1163.857,1163.857,1118.066,1116.832,64847565
2014-12-10,1118.134,1158.296,1158.184,1118.092,45687593
2014-12-11,1155.861,1170.657,1169.353,1152.439,43596012
2014-12-12,1170.830,1181.618,1180.334,1169.757,40092114
2014-12-15,1175.697,1201.225,1200.178,1173.857,45856230
2014-12-16,1200.641,1202.518,1193.282,1187.300,41870034
2014-12-17,1190.392,1190.392,1178.613,1166.780,43367813
2014-12-18,1175.898,1181.819,1174.315,1172.921,37718799
2014-12-19,1171.922,1171.922,1156.809,1141.535,40024924
2014-12-22,1152.008,1152.008,1107.836,1105.052,42971100
2014-12-23,1103.037,1117.221,1093.222,1092.371,29679716
2014-12-24,1098.586,1111.673,1111.673,1097.749,27797496
2014-12-25,1115.478,1124.961,1124.961,1114.436,27594847
2014-12-26,1125.450,1130.843,1130.843,1121.287,31105165
2014-12-29,1131.262,1131.262,1114.527,1108.233,36235300
2014-12-30,1113.479,1114.791,1096.752,1094.543,33219453
2014-12-31,1096.980,1107.185,1107.176,1093.192,31772058
2015-01-05,1109.326,1127.914,1124.994,1100.273,40719447
2015-01-06,1118.359,1149.990,1148.721,1114.276,41942318
2015-01-07,1146.746,1149.589,1143.420,1136.294,33347663
2015-01-08,1142.817,1153.085,1143.256,1136.901,33204114
2015-01-09,1140.707,1158.589,1140.319,1140.245,33273802
2015-01-12,1137.155,1144.498,1137.772,1129.599,27358894
2015-01-13,1138.209,1166.390,1165.579,1138.209,30944202
2015-01-14,1164.612,1167.611,1160.300,1155.339,27334579
2015-01-15,1159.923,1165.286,1162.420,1157.042,23015048
2015-01-16,1162.770,1180.839,1179.390,1162.770,32092856
2015-01-19,1152.864,1190.167,1152.772,1138.520,40560230
2015-01-20,1157.468,1195.399,1195.397,1157.468,40953485
2015-01-21,1202.114,1219.413,1218.374,1201.601,46860708
2015-01-22,1219.524,1233.937,1232.444,1217.565,44564045
2015-01-23,1232.675,1233.682,1215.988,1211.443,41113500
2015-01-26,1217.735,1241.302,1241.302,1217.735,42161208
2015-01-27,1245.128,1250.837,1249.639,1229.702,48863222
2015-01-28,1245.566,1251.973,1239.049,1235.526,39560192
2015-01-29,1230.073,1240.635,1234.722,1226.543,34868283
2015-01-30,1235.064,1239.701,1218.590,1218.321,30747592
2015-02-02,1207.064,1222.433,1213.864,1203.852,26406932
2015-02-03,1218.839,1242.487,1241.047,1218.839,33971151
2015-02-04,1244.198,1250.048,1237.553,1237.051,35785293
2015-02-05,1245.369,1255.788,1235.906,1235.271,40359585
2015-02-06,1234.707,1238.272,1212.672,1207.801,32502003
2015-02-09,1209.854,1219.403,1204.808,1202.235,26321797
2015-02-10,1205.464,1227.870,1227.870,1204.522,24018980
2015-02-11,1229.288,1248.300,1245.462,1229.277,28528054
2015-02-12,1246.963,1255.132,1254.244,1246.028,30677576
2015-02-13,1260.343,1277.734,1272.603,1260.343,38173903
2015-02-16,1277.840,1304.881,1304.881,1277.840,39584015
2015-02-17,1310.259,1312.125,1309.823,1301.452,33747430
2015-02-25,1314.218,1315.200,1302.580,1297.949,35483315
2015-02-26,1301.630,1311.841,1311.839,1297.332,36386388
2015-02-27,1311.867,1325.260,1323.692,1308.824,40036611
2015-03-02,1330.511,1349.404,1349.404,1326.113,53225892
2015-03-03,1343.017,1359.137,1338.274,1337.588,59542758
2015-03-04,1338.371,1361.498,1361.498,1338.371,48670177
2015-03-05,1363.138,1369.512,1369.467,1353.606,50424540
2015-03-06,1373.023,1374.368,1341.475,1341.376,43288115
2015-03-09,1336.147,1360.697,1360.697,1328.602,39645642
2015-03-10,1362.947,1387.749,1383.702,1362.219,46952335
2015-03-11,1384.555,1386.435,1379.913,1375.159,44136392
2015-03-12,1385.508,1387.502,1374.937,1363.377,48574444
2015-03-13,1380.284,1394.709,1394.709,1377.401,42071473
2015-03-16,1405.967,1444.022,1444.022,1405.967,61453522
2015-03-17,1452.384,1462.595,1456.598,1439.292,68423700
2015-03-18,1458.401,1486.345,1485.679,1451.916,66465894
2015-03-19,1487.440,1493.376,1493.376,1476.303,64083011
2015-03-20,1492.660,1515.322,1507.743,1492.660,63965711
2015-03-23,1515.313,1554.128,1554.128,1515.313,73693686
2015-03-24,1559.336,1574.523,1572.285,1512.041,85202883
2015-03-25,1571.963,1611.247,1598.985,1564.634,77468861
2015-03-26,1592.469,1603.720,1568.264,1554.275,70794732
2015-03-27,1568.419,1593.122,1591.333,1566.239,51450491
2015-03-30,1594.655,1606.379,1601.606,1590.139,59600430
2015-03-31,1603.940,1629.863,1612.102,1594.452,66528620
2015-04-01,1615.411,1662.611,1658.020,1615.411,65323146
2015-04-02,1672.292,1694.907,1694.476,1667.976,72170204
2015-04-03,1686.934,1719.917,1718.595,1679.142,69343375
2015-04-07,1725.627,1750.563,1750.563,1725.627,70771154
2015-04-08,1757.213,1757.448,1719.762,1689.864,77445309
2015-04-09,1718.621,1718.621,1693.169,1630.729,71911260
2015-04-10,1687.321,1742.399,1739.207,1678.445,59790930
2015-04-13,1749.559,1781.084,1776.141,1738.521,69669504
2015-04-14,1777.326,1786.296,1768.438,1752.479,66403517
2015-04-15,1764.876,1764.876,1700.577,1700.577,59568338
2015-04-16,1679.889,1741.241,1721.491,1664.253,52541051
2015-04-17,1733.914,1742.243,1724.667,1715.295,62043034
2015-04-20,1716.516,1720.455,1678.421,1671.953,66212244
2015-04-21,1679.626,1742.232,1742.232,1679.626,56340470
2015-04-22,1758.022,1791.706,1791.230,1758.022,69964472
2015-04-23,1800.629,1818.899,1809.652,1788.182,74647849
2015-04-24,1791.307,1816.176,1808.811,1778.725,70552499
2015-04-27,1824.617,1842.681,1820.943,1806.684,66416799
2015-04-28,1822.974,1823.412,1759.241,1742.284,64182717
2015-04-29,1754.282,1797.758,1794.008,1747.446,50968059
2015-04-30,1801.443,1818.675,1798.747,1798.693,53844910
2015-05-04,1804.952,1815.014,1810.828,1784.926,50794706
2015-05-05,1809.499,1811.941,1763.509,1753.019,56721157
2015-05-06,1771.786,1810.601,1762.117,1750.693,54580116
2015-05-07,1758.015,1770.662,1742.466,1738.802,47447675
2015-05-08,1762.822,1823.474,1823.474,1762.822,57662152
2015-05-11,1842.768,1916.434,1916.434,1839.529,73241160
2015-05-12,1929.865,1960.862,1960.375,1914.819,79434895
2015-05-13,1955.098,2010.299,1989.983,1935.803,82776131
2015-05-14,1999.845,2015.795,1996.103,1979.091,73840502
2015-05-15,1989.258,2002.796,1984.287,1952.106,66349665
2015-05-18,1983.566,2045.882,2044.664,1979.547,69283092
2015-05-19,2056.921,2096.562,2095.615,2035.486,70876498
2015-05-20,2112.585,2188.370,2145.413,2112.585,88087265
2015-05-21,2159.548,2242.070,2242.070,2159.548,83374182
2015-05-22,2278.392,2296.363,2256.087,2210.520,88700672
2015-05-25,2229.138,2299.730,2298.753,2212.208,83004339
2015-05-26,2316.917,2386.296,2386.239,2314.693,88093256
2015-05-27,2402.092,2411.737,2399.537,2343.435,88123935
2015-05-28,2397.529,2431.559,2251.675,2251.675,97901425
2015-05-29,2249.806,2324.979,2281.885,2158.297,78462474
2015-06-01,2306.216,2396.739,2396.739,2306.216,71485512
2015-06-02,2417.071,2486.923,2486.923,2406.603,80150579
2015-06-03,2502.863,2508.599,2484.501,2420.947,78878397
2015-06-04,2488.882,2490.179,2468.254,2332.154,75573084
2015-06-05,2497.648,2520.202,2486.685,2438.482,83406300
2015-06-08,2486.149,2486.149,2435.598,2408.138,75573023
2015-06-09,2427.341,2463.965,2435.966,2408.467,62809805
2015-06-10,2426.346,2505.453,2485.411,2408.004,68395894
2015-06-11,2490.321,2526.778,2526.770,2485.270,71750451
2015-06-12,2536.329,2570.672,2554.292,2533.832,74104919
2015-06-15,2565.424,2567.321,2492.533,2487.992,78879718
2015-06-16,2463.276,2463.276,2395.761,2373.666,69884129
2015-06-17,2396.501,2439.759,2430.540,2317.321,60503014
2015-06-18,2422.297,2434.477,2334.691,2330.774,53734743
2015-06-19,2289.267,2304.898,2191.338,2187.435,51730150
2015-06-23,2189.094,2214.831,2214.536,2065.194,55767429
2015-06-24,2232.767,2259.342,2245.419,2185.950,58019425
2015-06-25,2250.488,2252.301,2157.371,2131.364,57784724
2015-06-26,2086.431,2091.504,1982.240,1977.264,52067681
2015-06-29,2019.103,2020.125,1847.252,1820.825,69053778
2015-06-30,1797.657,1951.150,1948.797,1724.065,83549501
2015-07-01,1930.943,2004.048,1863.421,1849.200,78188764
2015-07-02,1855.990,1870.849,1760.016,1739.116,69639178
2015-07-03,1700.909,1796.375,1673.420,1637.151,68695588
2015-07-06,1786.064,1786.064,1642.735,1582.855,89373573
2015-07-07,1589.573,1602.384,1549.034,1542.939,48331505
2015-07-08,1498.796,1537.609,1532.608,1497.392,76613775
2015-07-09,1524.843,1577.509,1577.437,1524.843,29338650
2015-07-10,1609.699,1634.301,1633.083,1605.115,24000236
2015-07-13,1682.850,1706.872,1703.134,1670.563,44149980
2015-07-14,1740.260,1771.731,1738.511,1726.250,57028357
2015-07-15,1750.825,1750.825,1664.036,1661.897,72784799
2015-07-16,1639.785,1725.863,1695.765,1592.508,69841352
2015-07-17,1709.692,1796.145,1785.347,1705.832,64351749
2015-07-20,1801.158,1847.060,1818.972,1783.397,75775278
2015-07-21,1804.061,1856.860,1843.328,1786.147,64433792
2015-07-22,1842.976,1870.519,1861.378,1818.503,70086851
2015-07-23,1864.933,1913.485,1906.874,1853.026,75919324
2015-07-24,1913.626,1938.118,1878.866,1865.407,85098143
2015-07-27,1845.147,1892.257,1747.105,1747.095,79287276
2015-07-28,1670.250,1765.483,1708.762,1634.080,81462487
2015-07-29,1732.801,1780.687,1780.480,1671.196,63064335
2015-07-30,1773.560,1805.618,1723.498,1720.393,63026621
2015-07-31,1699.827,1747.029,1716.183,1692.452,51057516
2015-08-03,1691.205,1708.432,1678.573,1650.252,52465449
2015-08-04,1680.380,1760.286,1760.241,1673.149,57837911
2015-08-05,1758.800,1781.926,1737.485,1726.356,56047821
2015-08-06,1702.276,1749.714,1727.676,1696.434,40079196
2015-08-07,1746.291,1777.632,1777.376,1742.846,52046500
2015-08-10,1795.249,1862.852,1853.442,1787.267,66829752
2015-08-11,1859.116,1881.924,1857.593,1848.949,69287383
2015-08-12,1846.756,1872.007,1832.831,1832.752,57954842
2015-08-13,1830.275,1874.943,1874.943,1814.451,55546358
2015-08-14,1890.412,1903.646,1880.789,1870.749,63471171
2015-08-17,1876.654,1897.610,1895.611,1860.526,67711319
2015-08-18,1898.965,1902.725,1769.097,1762.076,79294290
2015-08-19,1715.636,1815.251,1806.191,1673.732,69764762
2015-08-20,1789.192,1817.875,1753.213,1753.213,57490703
2015-08-21,1720.836,1741.469,1658.752,1655.479,59083628
2015-08-24,1585.018,1593.302,1531.319,1531.104,43409157
2015-08-25,1423.840,1464.699,1421.344,1419.293,51171277
2015-08-26,1420.361,1469.142,1377.131,1359.818,72967393
2015-08-27,1401.084,1425.880,1425.880,1351.823,60480159
2015-08-28,1448.870,1505.855,1503.781,1435.846,67577293
2015-08-31,1495.692,1495.692,1459.649,1451.467,57646290
2015-09-01,1439.451,1439.451,1387.643,1374.401,51871176
2015-09-02,1324.530,1415.132,1371.875,1322.676,59561370
2015-09-07,1383.930,1423.477,1371.162,1361.622,52349184
2015-09-08,1357.337,1423.753,1421.518,1344.248,43682913
2015-09-09,1427.632,1476.372,1465.193,1424.105,70974961
2015-09-10,1441.206,1467.354,1439.533,1434.311,50919209
2015-09-11,1435.586,1458.485,1447.257,1426.965,42230592
2015-09-14,1452.712,1456.494,1345.669,1341.757,51012982
2015-09-15,1309.122,1335.092,1276.124,1271.602,44283356
2015-09-16,1280.775,1364.951,1360.285,1276.584,51180882
2015-09-17,1357.661,1399.172,1340.131,1340.131,61349356
2015-09-18,1349.690,1364.014,1354.046,1332.122,40916731
2015-09-21,1338.445,1406.397,1406.140,1333.601,49157069
2015-09-22,1412.236,1432.952,1416.965,1397.883,59008968
2015-09-23,1392.959,1422.902,1405.565,1390.589,50162176
2015-09-24,1413.630,1428.381,1421.760,1403.647,46880010
2015-09-25,1415.591,1424.680,1375.883,1366.310,47954232
2015-09-28,1378.369,1407.786,1406.778,1357.859,34884884
2015-09-29,1383.819,1404.620,1387.268,1377.035,38385508
2015-09-30,1393.983,1401.053,1392.944,1377.371,34450885
2015-10-08,1439.585,1461.770,1450.173,1429.944,53299200
2015-10-09,1447.623,1477.680,1470.249,1443.936,53981087
2015-10-12,1479.379,1548.466,1531.879,1479.379,73578598
2015-10-13,1520.684,1552.086,1548.468,1515.524,63779973
2015-10-14,1542.097,1555.582,1528.691,1525.497,63321231
2015-10-15,1521.869,1576.941,1576.941,1521.869,67867889
2015-10-16,1588.319,1597.847,1593.709,1562.611,74388864
2015-10-19,1600.313,1611.689,1596.234,1574.303,74188780
2015-10-20,1593.414,1629.053,1629.053,1587.551,74856141
2015-10-21,1629.453,1636.765,1527.248,1521.607,93318523
2015-10-22,1524.494,1584.571,1582.364,1520.021,69347994
2015-10-23,1593.238,1628.526,1622.020,1584.714,79649280
2015-10-26,1645.022,1653.858,1641.421,1615.360,85676872
2015-10-27,1626.784,1660.077,1650.837,1571.435,75401093
2015-10-28,1638.950,1663.209,1611.702,1604.626,71432187
2015-10-29,1622.232,1639.576,1620.814,1595.427,59942764
2015-10-30,1618.521,1647.733,1623.520,1591.822,67102259
2015-11-02,1583.280,1637.961,1586.364,1577.883,64993347
2015-11-03,1590.739,1602.207,1583.574,1569.173,51578747
2015-11-04,1591.168,1666.490,1666.490,1591.168,77300521
2015-11-05,1670.488,1688.495,1661.548,1648.390,90551572
2015-11-06,1665.588,1709.089,1706.999,1665.588,79548017
2015-11-09,1696.875,1746.557,1738.417,1683.916,92527237
2015-11-10,1730.976,1761.450,1751.531,1723.776,87104256
2015-11-11,1755.004,1780.627,1778.939,1743.708,78898893
2015-11-12,1790.051,1795.427,1779.652,1753.610,87943475
2015-11-13,1760.660,1771.460,1743.987,1724.010,78899430
